(69, 23, -106, -53, 2024, -217, 322, 6104, -3965, 5572, 1039.248779296875, -8536, 0, 168)
(69, 20, -102, -50, 2015, -207, 331, 6104, -3965, 5572, 1039.248779296875, -8536, 0, 138)
(69, 23, -105, -53, 2030, -222, 323, 6130, -3989, 5544, 1039.35302734375, -8529, 0, 180)
(69, 23, -105, -53, 2030, -222, 330, 6130, -3989, 5544, 1039.35302734375, -8529, 0, 189)
(69, 24, -106, -54, 2033, -214, 330, 6130, -3989, 5544, 1039.35302734375, -8529, 0, 165)
(69, 24, -106, -54, 2033, -214, 330, 6130, -3989, 5544, 1039.35302734375, -8529, 0, 165)
(69, 22, -103, -52, 2034, -216, 325, 6130, -3989, 5544, 1039.35302734375, -8529, 0, 172)
(254, 10100, -378668617, 1450728067, 260, 18139, 0, 16)
(69, 22, -103, -52, 2034, -216, 325, 6130, -3989, 5544, 1039.35302734375, -8529, 0, 172)
(69, 24, -105, -52, 2025, -223, 346, 6130, -3989, 5544, 1039.35302734375, -8529, 0, 161)
(69, 24, -105, -52, 2025, -223, 346, 6130, -3989, 5544, 1039.35302734375, -8529, 0, 161)
(69, 24, -105, -54, 2031, -220, 313, 6130, -3989, 5544, 1039.35302734375, -8529, 0, 199)
(69, 22, -103, -52, 2045, -217, 324, 6150, -3999, 5597, 1039.35302734375, -8529, 0, 41)
(69, 22, -103, -52, 2035, -219, 335, 6150, -3999, 5597, 1039.35302734375, -8529, 0, 46)
(69, 22, -106, -50, 2035, -219, 335, 6150, -3999, 5597, 1039.224853515625, -8537, 0, 89)
(69, 22, -106, -50, 2035, -213, 322, 6150, -3999, 5597, 1039.224853515625, -8537, 0, 90)
(69, 25, -107, -54, 2040, -213, 322, 6150, -3999, 5597, 1039.224853515625, -8537, 0, 89)
(69, 25, -107, -54, 2040, -213, 322, 6150, -3999, 5597, 1039.224853515625, -8537, 0, 89)
(69, 23, -104, -51, 2035, -218, 324, 6150, -3999, 5597, 1039.224853515625, -8537, 0, 93)
(69, 23, -104, -51, 2035, -218, 324, 6150, -3999, 5597, 1039.224853515625, -8537, 0, 93)
(69, 21, -104, -51, 2028, -222, 321, 6150, -3999, 5597, 1039.224853515625, -8537, 0, 65)
(69, 21, -104, -51, 2028, -222, 321, 6150, -3999, 5597, 1039.224853515625, -8537, 0, 65)
(69, 25, -104, -53, 2029, -218, 338, 6150, -3999, 5597, 1039.224853515625, -8537, 0, 93)
(69, 25, -104, -53, 2029, -218, 338, 6150, -3999, 5597, 1039.224853515625, -8537, 0, 93)
(254, 10100, -378668617, 1450728067, 260, 17601, 0, 8)
(69, 30, -109, -55, 2030, -220, 336, 6131, -3962, 5567, 1039.283203125, -8530, 0, 10)
(69, 30, -109, -55, 2030, -220, 336, 6131, -3962, 5567, 1039.283203125, -8530, 0, 10)
(69, 27, -107, -56, 2030, -219, 320, 6131, -3962, 5567, 1039.283203125, -8530, 0, 25)
(69, 23, -105, -54, 2040, -213, 325, 6131, -3962, 5567, 1039.283203125, -8530, 0, 8)
(69, 20, -102, -51, 2032, -225, 327, 6131, -3962, 5567, 1039.283203125, -8530, 0, 63)
(69, 20, -102, -51, 2032, -225, 327, 6131, -3962, 5567, 1039.283203125, -8530, 0, 63)
(69, 21, -102, -51, 2034, -223, 325, 6131, -3962, 5567, 1039.283203125, -8530, 0, 0)
(69, 21, -102, -51, 2034, -223, 325, 6131, -3962, 5567, 1039.283203125, -8530, 0, 0)
(69, 21, -102, -52, 2040, -214, 336, 6131, -3962, 5567, 1039.283203125, -8530, 0, 21)
(69, 19, -100, -50, 2031, -221, 310, 6131, -3962, 5567, 1039.05712890625, -8532, 0, 161)
(69, 20, -103, -51, 2031, -221, 310, 6131, -3962, 5567, 1039.05712890625, -8532, 0, 160)
(69, 20, -103, -51, 2031, -221, 336, 6131, -3962, 5567, 1039.05712890625, -8532, 0, 198)
(69, 20, -104, -52, 2031, -217, 336, 6139, -3945, 5539, 1039.05712890625, -8532, 0, 199)
(69, 20, -104, -52, 2031, -217, 336, 6139, -3945, 5539, 1039.05712890625, -8532, 0, 199)
(69, 19, -99, -51, 2031, -221, 321, 6139, -3945, 5539, 1039.05712890625, -8532, 0, 209)
(69, 22, -102, -50, 2030, -214, 341, 6139, -3945, 5539, 1039.05712890625, -8532, 0, 204)
(69, 23, -104, -53, 2044, -217, 328, 6139, -3945, 5539, 1039.05712890625, -8532, 0, 200)
(69, 23, -104, -53, 2044, -217, 328, 6139, -3945, 5539, 1039.05712890625, -8532, 0, 200)
(69, 25, -105, -55, 2030, -224, 319, 6139, -3945, 5539, 1039.05712890625, -8532, 0, 169)
(69, 25, -105, -55, 2030, -224, 319, 6139, -3945, 5539, 1039.05712890625, -8532, 0, 169)
(69, 26, -107, -56, 2023, -218, 344, 6139, -3945, 5539, 1039.05712890625, -8532, 0, 193)
(69, 20, -103, -51, 2043, -224, 328, 6139, -3945, 5539, 1039.120361328125, -8533, 0, 199)
(69, 24, -105, -54, 2034, -213, 323, 6139, -3945, 5539, 1039.120361328125, -8533, 0, 203)
(69, 24, -105, -54, 2034, -213, 323, 6164, -3981, 5573, 1039.120361328125, -8533, 0, 169)
(69, 25, -104, -55, 2033, -224, 311, 6164, -3981, 5573, 1039.120361328125, -8533, 0, 216)
(69, 21, -100, -53, 2030, -210, 331, 6164, -3981, 5573, 1039.120361328125, -8533, 0, 191)
(69, 25, -104, -53, 2026, -221, 342, 6164, -3981, 5573, 1039.120361328125, -8533, 0, 163)
(69, 25, -104, -53, 2026, -221, 342, 6164, -3981, 5573, 1039.120361328125, -8533, 0, 163)
(69, 22, -104, -52, 2036, -218, 316, 6164, -3981, 5573, 1039.120361328125, -8533, 0, 218)
(69, 22, -104, -52, 2036, -218, 316, 6164, -3981, 5573, 1039.120361328125, -8533, 0, 218)
(69, 22, -104, -52, 2023, -219, 342, 6164, -3981, 5573, 1039.120361328125, -8533, 0, 160)
(69, 20, -104, -52, 2029, -211, 339, 6164, -3981, 5573, 1039.21142578125, -8533, 0, 190)
(69, 20, -104, -52, 2029, -211, 339, 6164, -3981, 5573, 1039.21142578125, -8533, 0, 190)
(69, 27, -108, -53, 2041, -220, 334, 6164, -3981, 5573, 1039.21142578125, -8533, 0, 186)
(254, 10100, -378668633, 1450728067, 270, 16756, 0, -94)
(69, 27, -108, -53, 2041, -220, 331, 6164, -3981, 5573, 1039.21142578125, -8533, 0, 191)
(69, 21, -101, -51, 2041, -222, 331, 6164, -3981, 5573, 1039.21142578125, -8533, 0, 190)
(69, 25, -106, -55, 2023, -216, 337, 6157, -4006, 5582, 1039.21142578125, -8533, 0, 142)
(69, 25, -106, -55, 2023, -216, 337, 6157, -4006, 5582, 1039.21142578125, -8533, 0, 142)
(69, 25, -106, -54, 2035, -214, 324, 6157, -4006, 5582, 1039.21142578125, -8533, 0, 142)
(69, 25, -106, -54, 2035, -214, 324, 6157, -4006, 5582, 1039.21142578125, -8533, 0, 142)
(69, 22, -105, -55, 2045, -220, 331, 6157, -4006, 5582, 1039.21142578125, -8533, 0, 140)
(69, 22, -105, -55, 2045, -220, 331, 6157, -4006, 5582, 1039.21142578125, -8533, 0, 140)
(69, 26, -106, -54, 2039, -224, 329, 6157, -4006, 5582, 1039.1875, -8534, 0, 75)
(254, 10100, -378668633, 1450728067, 270, 16527, 0, 88)
(69, 25, -105, -55, 2046, -224, 328, 6157, -4006, 5582, 1039.1875, -8534, 0, 66)
(69, 20, -101, -48, 2037, -224, 333, 6125, -4003, 5548, 1039.1875, -8534, 0, 222)
(69, 20, -101, -48, 2037, -224, 333, 6125, -4003, 5548, 1039.1875, -8534, 0, 222)
(69, 28, -107, -53, 2039, -221, 335, 6125, -4003, 5548, 1039.1875, -8534, 0, 192)
(69, 28, -107, -53, 2039, -221, 335, 6125, -4003, 5548, 1039.0380859375, -8540, 0, 241)
(69, 28, -100, -51, 2039, -220, 330, 6125, -4003, 5548, 1039.0380859375, -8540, 0, 252)
(69, 21, -100, -51, 2039, -220, 330, 6125, -4003, 5548, 1039.0380859375, -8540, 0, 245)
(69, 22, -102, -52, 2032, -217, 322, 6125, -4003, 5548, 1039.0380859375, -8540, 0, 253)
(69, 24, -105, -51, 2022, -210, 332, 6125, -4003, 5548, 1039.0380859375, -8540, 0, 238)
(69, 24, -105, -51, 2022, -210, 332, 6125, -4003, 5548, 1039.0380859375, -8540, 0, 238)
(69, 26, -106, -54, 2034, -220, 328, 6125, -4003, 5548, 1039.0380859375, -8540, 0, 240)
(69, 26, -106, -54, 2034, -220, 328, 6125, -4003, 5548, 1039.0380859375, -8540, 0, 240)
(69, 26, -105, -54, 2027, -226, 318, 6125, -4003, 5548, 1039.0380859375, -8540, 0, 164)
(69, 26, -105, -54, 2027, -226, 318, 6125, -4003, 5548, 1039.0380859375, -8540, 0, 164)
(69, 21, -103, -51, 2032, -215, 331, 6125, -4003, 5548, 1039.0380859375, -8540, 0, 251)
(254, 10100, -378668633, 1450728067, 270, 16439, 0, -32)
(69, 21, -103, -51, 2032, -215, 331, 6125, -4003, 5548, 1039.0380859375, -8540, 0, 251)
(69, 19, -101, -50, 2033, -209, 331, 6125, -4003, 5548, 1039.0380859375, -8540, 0, 251)
(69, 19, -101, -50, 2033, -209, 331, 6125, -4003, 5548, 1039.0380859375, -8540, 0, 251)
(69, 22, -103, -51, 2038, -213, 319, 6120, -3988, 5560, 1039.145263671875, -8536, 0, 63)
(69, 22, -103, -51, 2038, -213, 319, 6120, -3988, 5560, 1039.145263671875, -8536, 0, 63)
(69, 25, -106, -54, 2034, -216, 326, 6120, -3988, 5560, 1039.145263671875, -8536, 0, 70)
(69, 25, -106, -54, 2034, -216, 326, 6120, -3988, 5560, 1039.145263671875, -8536, 0, 70)
(69, 23, -104, -52, 2042, -214, 334, 6120, -3988, 5560, 1039.145263671875, -8536, 0, 66)
(69, 24, -105, -54, 2032, -211, 323, 6120, -3988, 5560, 1039.172119140625, -8526, 0, 123)
(254, 10100, -378668633, 1450728067, 260, 16368, 0, 82)
(69, 24, -102, -52, 2019, -218, 343, 6120, -3988, 5560, 1039.172119140625, -8526, 0, 124)
(69, 24, -102, -52, 2019, -218, 343, 6120, -3988, 5560, 1039.172119140625, -8526, 0, 124)
(69, 21, -100, -51, 2033, -215, 331, 6120, -3988, 5560, 1039.172119140625, -8526, 0, 119)
(69, 21, -100, -51, 2033, -215, 331, 6134, -3997, 5553, 1039.172119140625, -8526, 0, 111)
(69, 23, -105, -52, 2037, -218, 316, 6134, -3997, 5553, 1039.172119140625, -8526, 0, 27)
(69, 23, -105, -52, 2037, -218, 316, 6134, -3997, 5553, 1039.172119140625, -8526, 0, 27)
(69, 25, -108, -55, 2023, -215, 340, 6134, -3997, 5553, 1039.172119140625, -8526, 0, 102)
(69, 25, -108, -55, 2023, -215, 340, 6134, -3997, 5553, 1039.172119140625, -8526, 0, 102)
(69, 25, -108, -55, 2036, -217, 334, 6134, -3997, 5553, 1039.172119140625, -8526, 0, 97)
(69, 25, -108, -55, 2036, -217, 334, 6134, -3997, 5553, 1039.172119140625, -8526, 0, 97)
(69, 27, -107, -56, 2037, -215, 317, 6134, -3997, 5553, 1039.14794921875, -8534, 0, 56)
(69, 27, -107, -56, 2037, -215, 317, 6134, -3997, 5553, 1039.14794921875, -8534, 0, 56)
(69, 26, -104, -52, 2025, -213, 328, 6134, -3997, 5553, 1039.14794921875, -8534, 0, 91)
(69, 26, -104, -52, 2025, -213, 328, 6134, -3997, 5553, 1039.14794921875, -8534, 0, 91)
(69, 22, -103, -53, 2046, -217, 326, 6128, -3971, 5601, 1039.21630859375, -8529, 0, 91)
(69, 24, -106, -52, 2048, -222, 329, 6128, -3971, 5601, 1039.21630859375, -8529, 0, 166)
(69, 24, -106, -52, 2048, -222, 329, 6128, -3971, 5601, 1039.21630859375, -8529, 0, 166)
(69, 24, -106, -52, 2040, -219, 326, 6128, -3971, 5601, 1039.21630859375, -8529, 0, 89)
(69, 21, -103, -52, 2040, -219, 326, 6128, -3971, 5601, 1039.21630859375, -8529, 0, 91)
(69, 22, -104, -52, 2044, -209, 325, 6126, -3999, 5578, 1039.344482421875, -8528, 0, 133)
(69, 24, -104, -52, 2044, -217, 325, 6126, -3999, 5578, 1039.344482421875, -8528, 0, 131)
(69, 25, -107, -53, 2034, -218, 335, 6139, -4001, 5540, 1039.251708984375, -8532, 0, 223)
(254, 10100, -378668633, 1450728067, 210, 16260, 0, -15)
(69, 25, -107, -53, 2034, -218, 335, 6139, -4001, 5540, 1039.251708984375, -8532, 0, 223)
(69, 27, -106, -55, 2029, -219, 322, 6139, -4001, 5540, 1039.251708984375, -8532, 0, 205)
(69, 21, -104, -53, 2031, -215, 344, 6139, -4001, 5540, 1039.251708984375, -8532, 0, 219)
(69, 21, -104, -53, 2031, -215, 344, 6139, -4001, 5540, 1039.251708984375, -8532, 0, 219)
(69, 21, -104, -53, 2035, -219, 318, 6139, -4001, 5540, 1039.251708984375, -8532, 0, 173)
(69, 23, -104, -53, 2035, -219, 318, 6139, -4001, 5540, 1039.251708984375, -8532, 0, 175)
(69, 23, -104, -53, 2035, -220, 336, 6139, -4001, 5540, 1039.251708984375, -8532, 0, 192)
(69, 22, -105, -53, 2026, -217, 342, 6094, -3968, 5550, 1039.215087890625, -8528, 0, 204)
(69, 22, -105, -53, 2026, -217, 342, 6094, -3968, 5550, 1039.215087890625, -8528, 0, 204)
(254, 10100, -378668633, 1450728067, 180, 15952, 0, 66)
(69, 22, -104, -52, 2028, -214, 335, 6094, -3968, 5550, 1039.215087890625, -8528, 0, 214)
(69, 22, -104, -52, 2028, -214, 335, 6094, -3968, 5550, 1039.215087890625, -8528, 0, 214)
(69, 21, -102, -52, 2035, -209, 326, 6094, -3968, 5550, 1039.099609375, -8534, 0, 9)
(69, 21, -102, -52, 2035, -209, 326, 6094, -3968, 5550, 1039.099609375, -8534, 0, 9)
(69, 23, -104, -52, 2034, -223, 323, 6094, -3968, 5550, 1039.099609375, -8534, 0, 3)
(69, 23, -104, -52, 2034, -223, 323, 6094, -3968, 5550, 1039.099609375, -8534, 0, 3)
(69, 22, -103, -53, 2029, -217, 344, 6094, -3968, 5550, 1039.099609375, -8534, 0, 6)
(69, 28, -110, -56, 2029, -221, 340, 6128, -3988, 5583, 1039.190673828125, -8532, 0, 150)
(69, 28, -110, -56, 2029, -221, 340, 6128, -3988, 5583, 1039.190673828125, -8532, 0, 150)
(69, 25, -103, -54, 2038, -224, 320, 6128, -3988, 5583, 1039.190673828125, -8532, 0, 150)
(69, 25, -103, -54, 2038, -224, 320, 6128, -3988, 5583, 1039.190673828125, -8532, 0, 150)
(69, 19, -100, -50, 2025, -213, 348, 6128, -3988, 5583, 1039.190673828125, -8532, 0, 149)
(69, 24, -104, -53, 2031, -218, 346, 6128, -3988, 5583, 1039.190673828125, -8532, 0, 146)
(69, 24, -104, -53, 2024, -209, 336, 6128, -3988, 5583, 1039.190673828125, -8532, 0, 150)
(69, 21, -103, -51, 2024, -209, 336, 6128, -3988, 5583, 1039.190673828125, -8532, 0, 156)
(69, 21, -103, -51, 2024, -209, 329, 6128, -3988, 5583, 1039.190673828125, -8532, 0, 133)
(69, 25, -104, -54, 2043, -220, 329, 6128, -3988, 5583, 1039.0302734375, -8536, 0, 119)
(69, 20, -103, -52, 2033, -224, 337, 6153, -3971, 5626, 1039.066650390625, -8536, 0, 97)
(69, 20, -103, -52, 2036, -215, 325, 6153, -3971, 5626, 1039.066650390625, -8536, 0, 121)
(254, 10100, -378668633, 1450728067, 160, 14886, 0, 36)
(69, 25, -107, -55, 2036, -215, 325, 6153, -3971, 5626, 1039.066650390625, -8536, 0, 125)
(69, 25, -107, -55, 2036, -215, 325, 6153, -3971, 5626, 1039.066650390625, -8536, 0, 125)
(69, 28, -106, -55, 2046, -224, 328, 6142, -3975, 5566, 1039.066650390625, -8536, 0, 205)
(69, 23, -103, -51, 2040, -213, 320, 6142, -3975, 5566, 1039.216796875, -8529, 0, 25)
(69, 23, -104, -52, 2043, -215, 321, 6142, -3975, 5566, 1039.216796875, -8529, 0, 25)
(69, 23, -104, -52, 2043, -215, 321, 6122, -3996, 5539, 1039.216796875, -8529, 0, 13)
(69, 20, -100, -51, 2039, -223, 333, 6122, -3996, 5539, 1039.216796875, -8529, 0, 3)
(69, 20, -100, -51, 2039, -223, 333, 6122, -3996, 5539, 1039.216796875, -8529, 0, 3)
(69, 17, -100, -48, 2035, -216, 317, 6122, -3996, 5539, 1039.211181640625, -8527, 0, 74)
(69, 23, -104, -52, 2035, -216, 317, 6122, -3996, 5539, 1039.211181640625, -8527, 0, 84)
(254, 10100, -378668633, 1450728067, 140, 15519, 0, -73)
(69, 23, -104, -51, 2036, -217, 333, 6122, -3996, 5539, 1039.211181640625, -8527, 0, 45)
(69, 23, -104, -54, 2044, -218, 328, 6133, -3972, 5624, 1039.15478515625, -8531, 0, 82)
(69, 23, -104, -54, 2043, -215, 332, 6133, -3972, 5624, 1039.15478515625, -8531, 0, 94)
(69, 26, -105, -54, 2043, -216, 325, 6144, -3951, 5577, 1039.15478515625, -8531, 0, 114)
(69, 26, -105, -54, 2043, -221, 337, 6144, -3951, 5577, 1039.15478515625, -8531, 0, 109)
(69, 22, -104, -52, 2026, -221, 337, 6144, -3951, 5577, 1039.15478515625, -8531, 0, 121)
(69, 26, -106, -53, 2032, -217, 314, 6148, -3961, 5538, 1039.15380859375, -8532, 0, 105)
(69, 21, -102, -51, 2039, -219, 334, 6148, -3961, 5538, 1039.15380859375, -8532, 0, 29)
(254, 10100, -378668633, 1450728067, 110, 16346, 0, 19)
(69, 21, -101, -51, 2030, -222, 334, 6148, -3961, 5538, 1039.15380859375, -8532, 0, 2)
(69, 21, -101, -51, 2030, -222, 334, 6148, -3961, 5538, 1039.15380859375, -8532, 0, 2)
(69, 21, -101, -51, 2030, -229, 333, 6148, -3961, 5538, 1039.15380859375, -8532, 0, 56)
(69, 23, -104, -54, 2042, -220, 324, 6147, -3983, 5582, 1039.153076171875, -8521, 0, 144)
(69, 23, -104, -54, 2042, -220, 324, 6147, -3983, 5582, 1039.153076171875, -8521, 0, 144)
(69, 23, -104, -51, 2036, -219, 322, 6147, -3983, 5582, 1039.153076171875, -8521, 0, 158)
(69, 24, -104, -51, 2036, -219, 322, 6147, -3983, 5582, 1039.153076171875, -8521, 0, 145)
(69, 24, -104, -51, 2031, -215, 335, 6147, -3983, 5582, 1039.153076171875, -8521, 0, 139)
(254, 10100, -378668650, 1450728067, 100, 16465, 0, -36)
(69, 22, -103, -51, 2025, -221, 316, 6134, -3974, 5592, 1039.135009765625, -8532, 0, 179)
(69, 21, -102, -52, 2047, -222, 331, 6140, -3987, 5539, 1039.2529296875, -8524, 0, 234)
(69, 23, -102, -53, 2037, -219, 325, 6140, -3987, 5539, 1039.2529296875, -8524, 0, 236)
(69, 27, -106, -54, 2036, -216, 331, 6140, -3987, 5539, 1039.2529296875, -8524, 0, 239)
(69, 25, -106, -54, 2036, -216, 331, 6140, -3987, 5539, 1039.2529296875, -8532, 0, 245)
(69, 25, -106, -54, 2044, -222, 333, 6140, -3987, 5539, 1039.091064453125, -8532, 0, 9)
(69, 24, -105, -53, 2044, -222, 333, 6140, -3987, 5539, 1039.091064453125, -8532, 0, 8)
(69, 24, -105, -53, 2044, -222, 333, 6140, -3987, 5539, 1039.091064453125, -8532, 0, 8)
(69, 21, -102, -51, 2038, -221, 324, 6140, -3987, 5539, 1039.091064453125, -8532, 0, 12)
(69, 24, -104, -53, 2033, -221, 316, 6149, -3984, 5543, 1039.317138671875, -8525, 0, 78)
(69, 24, -104, -53, 2033, -221, 316, 6149, -3984, 5543, 1039.317138671875, -8525, 0, 78)
(69, 22, -103, -52, 2031, -211, 337, 6149, -3984, 5543, 1039.317138671875, -8525, 0, 59)
(69, 22, -103, -52, 2031, -211, 337, 6149, -3984, 5543, 1039.317138671875, -8525, 0, 59)
(69, 23, -106, -54, 2032, -222, 322, 6149, -3984, 5543, 1039.19384765625, -8532, 0, 49)
(69, 28, -109, -56, 2039, -216, 327, 6176, -3986, 5582, 1039.19384765625, -8532, 0, 103)
(69, 28, -109, -56, 2039, -216, 327, 6176, -3986, 5582, 1039.19384765625, -8532, 0, 103)
(69, 18, -102, -51, 2044, -219, 327, 6176, -3986, 5582, 1039.32470703125, -8527, 0, 34)
(69, 20, -103, -50, 2044, -219, 327, 6176, -3986, 5582, 1039.32470703125, -8527, 0, 36)
(69, 20, -103, -50, 2044, -219, 327, 6176, -3986, 5582, 1039.32470703125, -8527, 0, 36)
(69, 24, -106, -54, 2029, -222, 338, 6176, -3986, 5582, 1039.32470703125, -8527, 0, 32)
(69, 24, -106, -54, 2029, -222, 338, 6176, -3986, 5582, 1039.32470703125, -8527, 0, 32)
(69, 24, -106, -53, 2027, -213, 331, 6176, -3986, 5582, 1039.32470703125, -8527, 0, 55)
(69, 24, -106, -53, 2027, -213, 331, 6176, -3986, 5582, 1039.32470703125, -8527, 0, 55)
(69, 19, -101, -51, 2035, -216, 325, 6122, -3970, 5513, 1039.32470703125, -8527, 0, 176)
(254, 10100, -378668650, 1450728067, 60, 17147, 0, 44)
(69, 21, -102, -51, 2036, -217, 337, 6137, -3944, 5582, 1039.255615234375, -8523, 0, 85)
(69, 19, -101, -49, 2042, -220, 330, 6137, -3944, 5582, 1039.255615234375, -8523, 0, 70)
(69, 19, -101, -49, 2042, -220, 330, 6137, -3944, 5582, 1039.255615234375, -8523, 0, 70)
(254, 10100, -378668650, 1450728067, 60, 16960, 0, -105)
(69, 21, -102, -51, 2039, -218, 324, 6137, -3944, 5582, 1039.255615234375, -8523, 0, 66)
(69, 21, -102, -51, 2039, -218, 324, 6137, -3944, 5582, 1039.255615234375, -8523, 0, 255)
(69, 20, -100, -50, 2025, -219, 339, 6112, -3925, 5587, 1039.176513671875, -8524, 0, 255)
(69, 20, -100, -50, 2031, -223, 327, 6112, -3925, 5587, 1039.176513671875, -8524, 0, 233)
(69, 20, -100, -50, 2031, -223, 327, 6112, -3925, 5587, 1039.176513671875, -8524, 0, 233)
(69, 22, -104, -53, 2036, -218, 333, 6112, -3925, 5587, 1039.176513671875, -8524, 0, 252)
(69, 26, -106, -53, 2032, -216, 324, 6105, -3969, 5570, 1039.164794921875, -8523, 0, 224)
(69, 23, -105, -53, 2035, -216, 324, 6105, -3969, 5570, 1039.164794921875, -8523, 0, 239)
(69, 23, -105, -53, 2035, -216, 324, 6105, -3969, 5570, 1039.164794921875, -8523, 0, 239)
(69, 23, -104, -53, 2038, -219, 329, 6144, -3959, 5587, 1039.18505859375, -8527, 0, 122)
(69, 23, -104, -53, 2038, -219, 329, 6144, -3959, 5587, 1039.18505859375, -8527, 0, 122)
(69, 26, -108, -53, 2036, -210, 325, 6144, -3959, 5587, 1039.18505859375, -8527, 0, 126)
(69, 26, -108, -53, 2036, -210, 325, 6144, -3959, 5587, 1039.18505859375, -8527, 0, 126)
(69, 20, -101, -51, 2027, -216, 341, 6144, -3959, 5587, 1039.18505859375, -8527, 0, 112)
(69, 20, -101, -51, 2027, -216, 341, 6144, -3959, 5587, 1039.18505859375, -8527, 0, 112)
(69, 23, -104, -54, 2029, -214, 337, 6166, -3994, 5560, 1039.115478515625, -8525, 0, 191)
(69, 23, -104, -54, 2046, -221, 332, 6166, -3994, 5560, 1039.115478515625, -8525, 0, 184)
(69, 24, -105, -53, 2046, -221, 332, 6166, -3994, 5560, 1039.115478515625, -8525, 0, 185)
(69, 24, -105, -53, 2046, -221, 326, 6166, -3994, 5560, 1039.115478515625, -8525, 0, 179)
(69, 26, -107, -56, 2040, -221, 326, 6166, -3994, 5560, 1039.115478515625, -8525, 0, 182)
(69, 26, -107, -56, 2040, -221, 326, 6166, -3994, 5560, 1039.115478515625, -8525, 0, 182)
(69, 24, -103, -53, 2032, -219, 329, 6166, -3994, 5560, 1039.115478515625, -8525, 0, 186)
(69, 25, -105, -54, 2041, -222, 331, 6166, -3994, 5560, 1039.115478515625, -8525, 0, 184)
(69, 25, -105, -54, 2041, -222, 331, 6142, -3977, 5610, 1039.115478515625, -8525, 0, 28)
(69, 25, -105, -53, 2031, -225, 313, 6142, -3977, 5610, 1039.115478515625, -8525, 0, 68)
(69, 25, -105, -53, 2031, -225, 313, 6142, -3977, 5610, 1039.115478515625, -8525, 0, 68)
(69, 21, -104, -52, 2022, -218, 339, 6142, -3977, 5610, 1039.142578125, -8531, 0, 33)
(69, 21, -104, -52, 2022, -218, 339, 6142, -3977, 5610, 1039.142578125, -8531, 0, 33)
(69, 23, -104, -53, 2036, -217, 323, 6148, -3992, 5594, 1039.2412109375, -8517, 0, 192)
(69, 22, -102, -51, 2035, -216, 319, 6148, -3992, 5594, 1039.185791015625, -8528, 0, 242)
(69, 22, -102, -51, 2035, -216, 319, 6148, -3992, 5594, 1039.185791015625, -8528, 0, 242)
(69, 22, -104, -53, 2041, -219, 320, 6148, -3992, 5594, 1039.185791015625, -8528, 0, 142)
(254, 10100, -378668650, 1450728067, 50, 16819, 0, 105)
(69, 22, -104, -53, 2041, -219, 320, 6148, -3992, 5594, 1039.185791015625, -8528, 0, 142)
(69, 21, -105, -52, 2026, -216, 337, 6130, -3960, 5564, 1039.185791015625, -8528, 0, 245)
(69, 25, -106, -54, 2045, -220, 334, 6119, -3990, 5566, 1039.268798828125, -8525, 0, 105)
(69, 23, -105, -52, 2033, -221, 318, 6119, -3990, 5566, 1039.270751953125, -8524, 0, 44)
(69, 23, -105, -52, 2033, -221, 318, 6119, -3990, 5566, 1039.270751953125, -8524, 0, 44)
(69, 26, -108, -53, 2032, -215, 324, 6119, -3990, 5566, 1039.270751953125, -8524, 0, 84)
(69, 26, -108, -53, 2032, -215, 324, 6119, -3990, 5566, 1039.270751953125, -8524, 0, 84)
(69, 21, -103, -51, 2048, -216, 328, 6128, -3968, 5535, 1039.412841796875, -8517, 0, 232)
(254, 10100, -378668650, 1450728067, 40, 18890, 0, 2)
(69, 19, -101, -50, 2031, -220, 321, 6107, -3989, 5574, 1039.412841796875, -8517, 0, 147)
(69, 23, -106, -52, 2034, -220, 321, 6107, -3989, 5574, 1039.412841796875, -8517, 0, 133)
(69, 23, -106, -52, 2034, -220, 321, 6107, -3989, 5574, 1039.158935546875, -8528, 0, 166)
(69, 20, -102, -52, 2029, -214, 326, 6107, -3989, 5574, 1039.158935546875, -8528, 0, 191)
(69, 20, -102, -52, 2029, -214, 326, 6107, -3989, 5574, 1039.158935546875, -8528, 0, 191)
(69, 22, -103, -51, 2031, -214, 321, 6107, -3989, 5574, 1039.158935546875, -8528, 0, 186)
(69, 24, -105, -52, 2035, -212, 333, 6107, -3989, 5574, 1039.158935546875, -8528, 0, 173)
(69, 24, -105, -52, 2035, -212, 333, 6107, -3989, 5574, 1039.158935546875, -8528, 0, 173)
(69, 26, -108, -54, 2042, -218, 325, 6107, -3989, 5574, 1039.158935546875, -8528, 0, 161)
(69, 22, -106, -52, 2034, -213, 328, 6115, -3971, 5560, 1039.19873046875, -8523, 0, 189)
(69, 22, -102, -53, 2038, -221, 330, 6115, -3971, 5560, 1039.19873046875, -8523, 0, 184)
(69, 22, -102, -53, 2038, -221, 330, 6115, -3971, 5560, 1039.19873046875, -8523, 0, 184)
(69, 20, -100, -50, 2037, -218, 319, 6115, -3971, 5560, 1039.19873046875, -8523, 0, 202)
(69, 21, -101, -51, 2038, -219, 333, 6115, -3971, 5560, 1039.19873046875, -8523, 0, 189)
(69, 21, -101, -51, 2038, -219, 333, 6115, -3971, 5560, 1039.19873046875, -8523, 0, 189)
(69, 24, -105, -53, 2036, -217, 328, 6120, -3970, 5563, 1039.18359375, -8522, 0, 8)
(254, 10100, -378668650, 1450728067, 50, 23148, 0, -83)
(69, 22, -102, -52, 2033, -221, 327, 6120, -3970, 5563, 1039.18359375, -8522, 0, 2)
(69, 22, -104, -53, 2043, -222, 325, 6120, -3970, 5563, 1039.18359375, -8522, 0, 14)
(69, 22, -104, -53, 2043, -222, 325, 6120, -3970, 5563, 1039.18359375, -8522, 0, 14)
(69, 22, -104, -51, 2036, -218, 322, 6120, -3970, 5563, 1039.18359375, -8522, 0, 4)
(69, 23, -104, -51, 2036, -218, 322, 6120, -3970, 5563, 1039.18359375, -8522, 0, 5)
(69, 25, -106, -53, 2037, -213, 317, 6120, -3970, 5563, 1039.197509765625, -8526, 0, 197)
(69, 25, -106, -53, 2037, -213, 317, 6120, -3970, 5563, 1039.197509765625, -8526, 0, 197)
(69, 23, -107, -53, 2040, -214, 332, 6120, -3970, 5563, 1039.197509765625, -8526, 0, 181)
(69, 23, -107, -53, 2040, -214, 332, 6120, -3970, 5563, 1039.197509765625, -8526, 0, 181)
(69, 23, -103, -53, 2033, -222, 324, 6120, -3970, 5563, 1039.197509765625, -8526, 0, 176)
(69, 25, -107, -53, 2032, -220, 332, 6128, -3973, 5535, 1039.197509765625, -8526, 0, 132)
(69, 24, -103, -52, 2032, -220, 332, 6128, -3973, 5535, 1039.197509765625, -8526, 0, 142)
(69, 24, -103, -52, 2032, -221, 320, 6128, -3973, 5535, 1039.250732421875, -8524, 0, 213)
(69, 22, -103, -52, 2038, -223, 326, 6128, -3973, 5535, 1039.250732421875, -8524, 0, 213)
(69, 22, -105, -52, 2030, -223, 315, 6128, -3973, 5535, 1039.250732421875, -8524, 0, 190)
(69, 22, -105, -52, 2030, -223, 315, 6128, -3973, 5535, 1039.250732421875, -8524, 0, 190)
(69, 24, -104, -52, 2037, -218, 325, 6128, -3973, 5535, 1039.250732421875, -8524, 0, 221)
(69, 24, -104, -52, 2037, -218, 325, 6161, -3980, 5555, 1039.250732421875, -8524, 0, 16)
(69, 24, -104, -52, 2039, -219, 324, 6161, -3980, 5555, 1039.250732421875, -8524, 0, 16)
(69, 22, -103, -52, 2039, -219, 324, 6161, -3980, 5555, 1039.250732421875, -8524, 0, 31)
(69, 22, -103, -52, 2029, -222, 320, 6161, -3980, 5555, 1039.0302734375, -8533, 0, 239)
(254, 10100, -378668650, 1450728067, 80, 25173, 0, -50)
(69, 27, -108, -55, 2038, -219, 330, 6147, -3999, 5543, 1039.17724609375, -8529, 0, 186)
(69, 27, -108, -55, 2021, -216, 340, 6147, -3999, 5543, 1039.17724609375, -8529, 0, 186)
(69, 24, -106, -52, 2038, -213, 336, 6147, -3999, 5543, 1039.17724609375, -8529, 0, 170)
(69, 24, -106, -52, 2038, -213, 336, 6147, -3999, 5543, 1039.17724609375, -8529, 0, 170)
(69, 23, -102, -53, 2030, -226, 318, 6153, -4000, 5564, 1039.098876953125, -8525, 0, 97)
(69, 24, -106, -52, 2037, -217, 332, 6153, -4000, 5564, 1039.098876953125, -8525, 0, 53)
(69, 24, -106, -52, 2037, -217, 332, 6153, -4000, 5564, 1039.11865234375, -8532, 0, 204)
(69, 24, -106, -52, 2044, -224, 332, 6153, -4000, 5564, 1039.11865234375, -8532, 0, 194)
(69, 24, -105, -52, 2044, -224, 332, 6153, -4000, 5564, 1039.11865234375, -8532, 0, 195)
(69, 24, -105, -52, 2044, -224, 321, 6153, -4000, 5564, 1039.11865234375, -8532, 0, 206)
(69, 25, -104, -54, 2042, -220, 328, 6163, -4007, 5617, 1039.1982421875, -8525, 0, 45)
(69, 25, -104, -54, 2042, -220, 328, 6163, -4007, 5617, 1039.1982421875, -8525, 0, 45)
(69, 25, -104, -54, 2021, -227, 317, 6163, -4007, 5617, 1039.1982421875, -8525, 0, 126)
(69, 21, -101, -51, 2021, -227, 317, 6163, -4007, 5617, 1039.1982421875, -8525, 0, 118)
(69, 21, -101, -51, 2021, -215, 335, 6163, -4007, 5617, 1039.1982421875, -8525, 0, 48)
(69, 19, -101, -51, 2022, -215, 335, 6163, -4007, 5617, 1039.1982421875, -8525, 0, 53)
(69, 19, -101, -51, 2022, -215, 335, 6163, -4007, 5617, 1039.1982421875, -8525, 0, 53)
(69, 28, -109, -55, 2039, -212, 331, 6139, -3990, 5586, 1039.1982421875, -8525, 0, 209)
(69, 28, -109, -55, 2039, -212, 331, 6139, -3990, 5586, 1039.1982421875, -8525, 0, 209)
(69, 24, -108, -54, 2035, -220, 315, 6139, -3990, 5586, 1039.1982421875, -8525, 0, 173)
(69, 24, -108, -54, 2035, -220, 315, 6139, -3990, 5586, 1039.1982421875, -8525, 0, 173)
(69, 24, -104, -52, 2024, -212, 338, 6139, -3990, 5586, 1039.1982421875, -8525, 0, 221)
(69, 22, -102, -51, 2039, -218, 325, 6140, -3973, 5572, 1039.399169921875, -8525, 0, 70)
(69, 23, -105, -52, 2036, -216, 326, 6140, -3973, 5572, 1039.399169921875, -8525, 0, 69)
(69, 23, -105, -52, 2036, -216, 326, 6140, -3973, 5572, 1039.399169921875, -8525, 0, 69)
(69, 22, -103, -53, 2036, -216, 323, 6140, -3973, 5572, 1039.399169921875, -8525, 0, 72)
(69, 22, -103, -53, 2036, -216, 323, 6121, -3995, 5553, 1039.121337890625, -8532, 0, 2)
(69, 23, -103, -53, 2030, -220, 335, 6121, -3995, 5553, 1039.121337890625, -8532, 0, 25)
(69, 23, -103, -52, 2036, -218, 327, 6121, -3995, 5553, 1039.121337890625, -8532, 0, 14)
(69, 23, -103, -52, 2030, -230, 313, 6121, -3995, 5553, 1039.121337890625, -8532, 0, 86)
(69, 23, -103, -53, 2030, -230, 313, 6121, -3995, 5553, 1039.121337890625, -8532, 0, 81)
(69, 24, -105, -53, 2027, -213, 334, 6147, -3981, 5553, 1039.177001953125, -8529, 0, 173)
(69, 24, -105, -53, 2027, -213, 334, 6147, -3981, 5553, 1039.177001953125, -8529, 0, 7)
(69, 20, -102, -51, 2031, -225, 325, 6147, -3981, 5553, 1039.177001953125, -8529, 0, 145)
(69, 20, -102, -51, 2031, -225, 312, 6172, -3987, 5573, 1039.177001953125, -8529, 0, 153)
(69, 24, -105, -52, 2029, -226, 312, 6172, -3987, 5573, 1039.177001953125, -8529, 0, 154)
(69, 24, -105, -52, 2029, -226, 312, 6172, -3987, 5573, 1039.177001953125, -8529, 0, 154)
(69, 22, -104, -52, 2035, -215, 331, 6144, -3962, 5566, 1039.296875, -8522, 0, 114)
(69, 22, -104, -52, 2035, -215, 331, 6144, -3962, 5566, 1039.296875, -8522, 0, 114)
(69, 22, -102, -51, 2030, -221, 327, 6144, -3962, 5566, 1039.296875, -8522, 0, 106)
(69, 26, -106, -53, 2037, -215, 329, 6144, -3962, 5566, 1039.1123046875, -8521, 0, 96)
(69, 26, -106, -53, 2037, -215, 329, 6144, -3962, 5566, 1039.1123046875, -8521, 0, 96)
(69, 19, -101, -50, 2042, -218, 329, 6144, -3962, 5566, 1039.1123046875, -8521, 0, 97)
(69, 19, -101, -50, 2042, -218, 329, 6144, -3962, 5566, 1039.1123046875, -8521, 0, 97)
(69, 19, -101, -55, 2034, -217, 326, 6144, -3962, 5566, 1039.1123046875, -8521, 0, 96)
(69, 27, -105, -55, 2034, -217, 326, 6144, -3962, 5566, 1039.1123046875, -8521, 0, 100)
(69, 21, -104, -54, 2027, -214, 335, 6161, -3958, 5548, 1039.1328125, -8526, 0, 174)
(69, 21, -104, -54, 2027, -214, 335, 6161, -3958, 5548, 1039.1328125, -8526, 0, 174)
(69, 23, -105, -53, 2037, -217, 326, 6161, -3958, 5548, 1039.1328125, -8526, 0, 184)
(69, 23, -105, -53, 2037, -217, 326, 6161, -3958, 5548, 1039.1328125, -8526, 0, 184)
(69, 21, -101, -52, 2034, -221, 330, 6161, -3958, 5548, 1039.12548828125, -8531, 0, 229)
(69, 27, -106, -54, 2040, -221, 329, 6155, -3958, 5559, 1039.12548828125, -8531, 0, 232)
(69, 25, -107, -54, 2036, -222, 320, 6155, -3958, 5559, 1039.12548828125, -8531, 0, 237)
(69, 25, -107, -54, 2036, -222, 320, 6155, -3958, 5559, 1039.12548828125, -8531, 0, 237)
(69, 20, -100, -51, 2030, -220, 339, 6155, -3958, 5559, 1039.12548828125, -8531, 0, 225)
(69, 20, -100, -51, 2030, -220, 339, 6155, -3958, 5559, 1039.12548828125, -8531, 0, 225)
(69, 20, -100, -51, 2042, -221, 335, 6155, -3958, 5559, 1039.12548828125, -8531, 0, 238)
(69, 18, -99, -50, 2040, -223, 332, 6105, -3985, 5562, 1039.106689453125, -8534, 0, 178)
(69, 21, -103, -51, 2021, -214, 340, 6105, -3985, 5562, 1039.106689453125, -8534, 0, 188)
(69, 26, -109, -54, 2031, -214, 317, 6115, -3984, 5568, 1039.106689453125, -8534, 0, 130)
(69, 26, -109, -54, 2031, -214, 317, 6115, -3984, 5568, 1039.106689453125, -8534, 0, 130)
(69, 26, -109, -54, 2032, -216, 336, 6115, -3984, 5568, 1039.106689453125, -8534, 0, 242)
(69, 21, -104, -53, 2032, -216, 336, 6115, -3984, 5568, 1039.106689453125, -8534, 0, 247)
(254, 10100, -378668650, 1450728067, 60, 22138, 0, -71)
(69, 23, -104, -53, 2023, -225, 319, 6112, -3990, 5594, 1039.151123046875, -8533, 0, 3)
(69, 23, -104, -53, 2023, -225, 319, 6112, -3990, 5594, 1039.151123046875, -8533, 0, 3)
(69, 22, -103, -53, 2032, -219, 329, 6112, -3990, 5594, 1039.151123046875, -8533, 0, 88)
(69, 22, -103, -54, 2041, -224, 330, 6112, -3990, 5594, 1039.26220703125, -8529, 0, 236)
(69, 24, -105, -52, 2037, -218, 321, 6112, -3990, 5594, 1039.26220703125, -8529, 0, 235)
(69, 24, -105, -52, 2037, -218, 321, 6112, -3990, 5594, 1039.26220703125, -8529, 0, 235)
(69, 20, -101, -51, 2036, -212, 318, 6112, -3990, 5594, 1039.26220703125, -8529, 0, 158)
(69, 20, -101, -51, 2036, -212, 318, 6112, -3990, 5594, 1039.26220703125, -8529, 0, 158)
(69, 23, -102, -53, 2030, -211, 322, 6131, -4002, 5535, 1039.346435546875, -8526, 0, 243)
(69, 23, -102, -53, 2030, -211, 322, 6131, -4002, 5535, 1039.346435546875, -8526, 0, 243)
(69, 23, -104, -52, 2037, -219, 329, 6131, -4002, 5535, 1039.346435546875, -8526, 0, 238)
(69, 23, -104, -52, 2037, -219, 329, 6131, -4002, 5535, 1039.346435546875, -8526, 0, 238)
(69, 22, -102, -52, 2037, -214, 324, 6131, -4002, 5535, 1039.346435546875, -8526, 0, 239)
(69, 22, -102, -52, 2037, -214, 324, 6131, -4002, 5535, 1039.346435546875, -8526, 0, 239)
(69, 25, -105, -53, 2032, -217, 339, 6131, -4002, 5535, 1039.189453125, -8532, 0, 224)
(69, 25, -105, -53, 2032, -217, 339, 6100, -3973, 5532, 1039.189453125, -8532, 0, 225)
(69, 21, -102, -51, 2037, -219, 326, 6100, -3973, 5532, 1039.189453125, -8532, 0, 244)
(69, 21, -102, -51, 2037, -219, 326, 6100, -3973, 5532, 1039.189453125, -8532, 0, 244)
(69, 20, -102, -50, 2029, -213, 334, 6100, -3973, 5532, 1039.189453125, -8532, 0, 232)
(69, 20, -102, -50, 2029, -213, 334, 6100, -3973, 5532, 1039.189453125, -8532, 0, 232)
(69, 26, -107, -54, 2035, -221, 325, 6100, -3973, 5532, 1039.290283203125, -8532, 0, 165)
(254, 10100, -378668650, 1450728067, 60, 20471, 0, 45)
(69, 26, -107, -54, 2036, -220, 329, 6100, -3973, 5532, 1039.290283203125, -8532, 0, 169)
(69, 25, -105, -55, 2036, -220, 329, 6100, -3973, 5532, 1039.290283203125, -8532, 0, 171)
(69, 23, -102, -53, 2031, -219, 318, 6106, -3975, 5521, 1039.246337890625, -8528, 0, 124)
(69, 22, -104, -52, 2031, -220, 327, 6106, -3975, 5521, 1039.246337890625, -8528, 0, 0)
(69, 22, -104, -52, 2031, -220, 327, 6106, -3975, 5521, 1039.246337890625, -8528, 0, 0)
(69, 23, -104, -52, 2039, -217, 320, 6106, -3975, 5521, 1039.246337890625, -8528, 0, 29)
(69, 23, -104, -52, 2039, -217, 320, 6106, -3975, 5521, 1039.246337890625, -8528, 0, 29)
(69, 19, -101, -51, 2033, -210, 322, 6114, -4002, 5557, 1039.221435546875, -8524, 0, 221)
(69, 24, -106, -54, 2034, -222, 331, 6099, -3949, 5571, 1039.146484375, -8525, 0, 242)
(69, 23, -104, -53, 2028, -219, 321, 6099, -3949, 5571, 1039.146484375, -8525, 0, 225)
(69, 23, -104, -53, 2028, -219, 321, 6099, -3949, 5571, 1039.146484375, -8525, 0, 225)
(69, 25, -105, -54, 2037, -221, 330, 6099, -3949, 5571, 1039.146484375, -8525, 0, 245)
(69, 25, -105, -54, 2037, -221, 330, 6099, -3949, 5571, 1039.146484375, -8525, 0, 245)
(69, 24, -106, -54, 2036, -215, 322, 6137, -3993, 5582, 1039.08935546875, -8533, 0, 87)
(69, 24, -106, -54, 2036, -215, 322, 6137, -3993, 5582, 1039.08935546875, -8533, 0, 87)
(69, 25, -106, -54, 2031, -218, 330, 6137, -3993, 5582, 1039.08935546875, -8533, 0, 74)
(69, 25, -106, -54, 2031, -218, 330, 6137, -3993, 5582, 1039.12841796875, -8530, 0, 137)
(69, 25, -106, -54, 2025, -213, 336, 6137, -3993, 5582, 1039.12841796875, -8530, 0, 152)
(69, 24, -105, -53, 2025, -213, 336, 6137, -3993, 5582, 1039.12841796875, -8530, 0, 153)
(69, 23, -104, -52, 2041, -217, 322, 6137, -3993, 5582, 1039.12841796875, -8530, 0, 144)
(69, 27, -109, -54, 2034, -220, 317, 6137, -3993, 5582, 1039.12841796875, -8530, 0, 230)
(69, 27, -109, -54, 2034, -220, 317, 6137, -3993, 5582, 1039.12841796875, -8530, 0, 230)
(254, 10100, -378668650, 1450728067, 90, 21382, 0, 38)
(69, 26, -105, -56, 2026, -210, 331, 6137, -3993, 5582, 1039.12841796875, -8530, 0, 133)
(69, 22, -101, -51, 2026, -225, 315, 6123, -3978, 5591, 1039.0302734375, -8535, 0, 60)
(69, 26, -106, -52, 2036, -227, 314, 6123, -3978, 5591, 1039.0302734375, -8535, 0, 33)
(69, 26, -106, -52, 2036, -227, 314, 6123, -3978, 5591, 1039.0302734375, -8535, 0, 33)
(69, 22, -101, -51, 2029, -225, 311, 6123, -3978, 5591, 1039.0302734375, -8535, 0, 55)
(69, 20, -103, -51, 2037, -211, 324, 6123, -3978, 5591, 1039.0302734375, -8535, 0, 110)
(69, 25, -104, -53, 2027, -225, 318, 6158, -3958, 5584, 1039.18359375, -8528, 0, 39)
(69, 25, -104, -53, 2027, -225, 318, 6158, -3958, 5584, 1039.18359375, -8528, 0, 39)
(69, 21, -100, -49, 2036, -223, 316, 6158, -3958, 5584, 1039.18359375, -8528, 0, 8)
(69, 21, -100, -49, 2036, -223, 316, 6158, -3958, 5584, 1039.18359375, -8528, 0, 8)
(69, 21, -100, -49, 2031, -216, 319, 6158, -3958, 5584, 1039.18359375, -8528, 0, 25)
(69, 24, -106, -53, 2028, -214, 338, 6149, -3955, 5561, 1039.37939453125, -8519, 0, 215)
(69, 24, -106, -53, 2028, -214, 338, 6149, -3955, 5561, 1039.37939453125, -8519, 0, 215)
(69, 24, -104, -53, 2021, -218, 347, 6149, -3955, 5561, 1039.179443359375, -8532, 0, 83)
(69, 24, -104, -53, 2021, -218, 347, 6149, -3955, 5561, 1039.179443359375, -8532, 0, 83)
(69, 26, -105, -54, 2029, -220, 336, 6149, -3955, 5561, 1039.179443359375, -8532, 0, 94)
(69, 24, -105, -53, 2041, -225, 328, 6149, -3955, 5561, 1039.179443359375, -8532, 0, 106)
(69, 24, -105, -53, 2040, -220, 330, 6149, -3955, 5561, 1039.179443359375, -8532, 0, 82)
(69, 25, -105, -53, 2040, -220, 330, 6149, -3955, 5561, 1039.179443359375, -8532, 0, 83)
(69, 25, -105, -53, 2034, -221, 332, 6149, -3955, 5561, 1039.179443359375, -8532, 0, 88)
(69, 26, -107, -55, 2034, -221, 332, 6149, -3955, 5561, 1039.179443359375, -8532, 0, 91)
(69, 26, -107, 17692, 5888, -26368, 324, 6091, -3937, 5556, 1039.231201171875, -8524, 0, 72)
(69, 25, -104, -53, 2034, -216, 324, 6091, -3937, 5556, 1039.231201171875, -8524, 0, 72)
(69, 23, -104, -51, 2031, -214, 329, 6091, -3937, 5556, 1039.231201171875, -8524, 0, 82)
(69, 23, -104, -51, 2031, -214, 329, 6091, -3937, 5556, 1039.231201171875, -8524, 0, 82)
(69, 23, -104, -51, 2032, -220, 326, 6091, -3937, 5556, 1039.231201171875, -8524, 0, 76)
(69, 22, -102, -51, 2032, -220, 326, 6091, -3937, 5556, 1039.231201171875, -8524, 0, 79)
(69, 22, -102, -51, 2032, -221, 325, 6091, -3937, 5556, 1039.231201171875, -8524, 0, 75)
(69, 21, -102, -52, 2028, -221, 325, 6091, -3937, 5556, 1039.231201171875, -8524, 0, 85)
(69, 23, -105, -52, 2039, -217, 327, 6113, -3952, 5590, 1039.19970703125, -8527, 0, 6)
(69, 23, -105, -52, 2039, -217, 327, 6113, -3952, 5590, 1039.19970703125, -8527, 0, 6)
(69, 22, -102, -53, 2032, -215, 323, 6113, -3952, 5590, 1039.19970703125, -8527, 0, 0)
(69, 23, -104, -52, 2041, -221, 329, 6113, -3952, 5590, 1039.204345703125, -8529, 0, 253)
(69, 23, -104, -52, 2041, -221, 329, 6113, -3952, 5590, 1039.204345703125, -8529, 0, 253)
(69, 21, -104, -52, 2039, -221, 329, 6113, -3952, 5590, 1039.204345703125, -8529, 0, 241)
(69, 21, -104, -52, 2039, -221, 329, 6113, -3952, 5590, 1039.204345703125, -8529, 0, 241)
(69, 22, -101, -53, 2036, -215, 327, 6113, -3952, 5590, 1039.204345703125, -8529, 0, 241)
(69, 22, -101, -53, 2036, -215, 327, 6144, -3951, 5604, 1039.204345703125, -8529, 0, 44)
(69, 21, -99, -52, 2038, -213, 327, 6137, -3977, 5581, 1039.121337890625, -8534, 0, 127)
(69, 23, -103, -51, 2040, -213, 330, 6137, -3977, 5581, 1039.121337890625, -8534, 0, 123)
(69, 24, -107, -53, 2040, -224, 324, 6137, -3977, 5581, 1039.121337890625, -8534, 0, 123)
(69, 24, -107, -53, 2040, -224, 324, 6137, -3977, 5581, 1039.121337890625, -8534, 0, 123)
(69, 24, -105, -54, 2028, -217, 338, 6137, -3977, 5581, 1039.121337890625, -8534, 0, 125)
(69, 24, -105, -54, 2028, -217, 338, 6137, -3977, 5581, 1039.121337890625, -8534, 0, 125)
(69, 24, -105, -54, 2041, -220, 321, 6137, -3977, 5581, 1039.121337890625, -8534, 0, 120)
(69, 24, -104, -52, 2030, -218, 326, 6137, -3977, 5581, 1039.121337890625, -8534, 0, 99)
(69, 24, -104, -52, 2030, -218, 334, 6148, -4003, 5559, 1039.121337890625, -8534, 0, 201)
(69, 23, -103, -52, 2039, -218, 334, 6148, -4003, 5559, 1039.121337890625, -8534, 0, 222)
(69, 23, -103, -52, 2039, -218, 334, 6148, -4003, 5559, 1039.121337890625, -8534, 0, 222)
(69, 23, -104, -52, 2038, -217, 330, 6174, -3983, 5576, 1039.167236328125, -8530, 0, 40)
(69, 22, -102, -51, 2033, -217, 339, 6140, -3968, 5543, 1039.167236328125, -8530, 0, 71)
(69, 20, -101, -48, 2037, -215, 329, 6140, -3968, 5543, 1039.167236328125, -8530, 0, 73)
(69, 18, -101, -48, 2037, -215, 329, 6140, -3968, 5543, 1039.167236328125, -8530, 0, 79)
(69, 18, -101, -48, 2039, -217, 325, 6140, -3968, 5543, 1039.167236328125, -8530, 0, 79)
(69, 23, -104, -52, 2039, -217, 325, 6140, -3968, 5543, 1039.167236328125, -8530, 0, 85)
(69, 23, -105, -53, 2032, -218, 338, 6106, -3959, 5566, 1039.3544921875, -8527, 0, 105)
(69, 23, -103, -52, 2031, -222, 337, 6106, -3959, 5566, 1039.3544921875, -8527, 0, 120)
(254, 10090, -378668650, 1450728067, 60, 14968, 0, -55)
(69, 24, -104, -53, 2023, -215, 343, 6106, -3959, 5566, 1039.3544921875, -8527, 0, 116)
(69, 26, -105, -55, 2034, -222, 332, 6106, -3959, 5566, 1039.3544921875, -8527, 0, 126)
(69, 26, -105, -55, 2034, -222, 332, 6106, -3959, 5566, 1039.3544921875, -8527, 0, 126)
(69, 22, -104, -52, 2033, -220, 326, 6106, -3959, 5566, 1039.3544921875, -8527, 0, 119)
(69, 22, -104, -52, 2033, -220, 326, 6106, -3959, 5566, 1039.3544921875, -8527, 0, 119)
(69, 29, -108, -57, 2033, -216, 316, 6128, -3952, 5527, 1039.162109375, -8531, 0, 109)
(69, 28, -108, -57, 2028, -216, 338, 6128, -3952, 5527, 1039.162109375, -8531, 0, 31)
(69, 26, -108, -55, 2035, -207, 327, 6132, -3938, 5542, 1039.3125, -8523, 0, 24)
(69, 22, -104, -53, 2029, -220, 322, 6132, -3938, 5542, 1039.3125, -8523, 0, 20)
(69, 22, -104, -53, 2029, -220, 322, 6132, -3938, 5542, 1039.3125, -8523, 0, 20)
(69, 28, -106, -56, 2021, -212, 333, 6132, -3938, 5542, 1039.3125, -8523, 0, 28)
(69, 22, -102, -52, 2034, -222, 327, 6132, -3938, 5542, 1039.3125, -8523, 0, 13)
(69, 22, -102, -52, 2034, -222, 327, 6132, -3938, 5542, 1039.3125, -8523, 0, 13)
(69, 25, -106, -53, 2020, -221, 344, 6132, -3938, 5542, 1039.3125, -8523, 0, 1)
(254, 10090, -378668650, 1450728067, 70, 12666, 0, -53)
(69, 22, -102, -52, 2033, -218, 332, 6133, -3983, 5602, 1039.2421875, -8526, 0, 97)
(69, 22, -102, -52, 2033, -218, 332, 6133, -3983, 5602, 1039.2421875, -8526, 0, 97)
(69, 23, -105, -53, 2030, -215, 339, 6133, -3983, 5602, 1039.2421875, -8526, 0, 101)
(69, 23, -105, -53, 2030, -215, 339, 6133, -3983, 5602, 1039.2421875, -8526, 0, 101)
(69, 23, -105, -53, 2030, -216, 334, 6133, -3983, 5602, 1039.2421875, -8526, 0, 121)
(69, 23, -105, -53, 2030, -216, 334, 6133, -3983, 5602, 1039.2421875, -8526, 0, 121)
(69, 21, -102, -52, 2038, -213, 324, 6133, -3983, 5602, 1039.2421875, -8526, 0, 96)
(69, 22, -105, -52, 2035, -219, 323, 6133, -3983, 5602, 1039.185791015625, -8523, 0, 85)
(69, 22, -105, -52, 2038, -220, 328, 6133, -3983, 5602, 1039.185791015625, -8523, 0, 90)
(69, 22, -104, -52, 2038, -220, 328, 6133, -3983, 5602, 1039.185791015625, -8523, 0, 85)
(69, 22, -104, -52, 2038, -220, 328, 6133, -3983, 5602, 1039.185791015625, -8523, 0, 85)
(69, 22, -103, -53, 2031, -224, 312, 6133, -3983, 5602, 1039.185791015625, -8523, 0, 62)
(69, 22, -103, -52, 2038, -225, 338, 6150, -3976, 5557, 1039.021728515625, -8534, 0, 141)
(69, 22, -103, -51, 2032, -217, 335, 6150, -3976, 5557, 1039.021728515625, -8534, 0, 175)
(69, 22, -103, -51, 2032, -217, 335, 6150, -3976, 5557, 1039.021728515625, -8534, 0, 175)
(69, 22, -104, -52, 2042, -224, 338, 6150, -3976, 5557, 1039.021728515625, -8534, 0, 191)
(69, 22, -104, -52, 2042, -224, 338, 6150, -3976, 5557, 1039.021728515625, -8534, 0, 191)
(254, 10090, -378668650, 1450728067, 110, 10844, 0, -81)
(69, 26, -107, -55, 2034, -218, 321, 6150, -3976, 5557, 1039.021728515625, -8534, 0, 166)
(69, 26, -107, -55, 2034, -218, 321, 6150, -3976, 5557, 1039.021728515625, -8531, 0, 161)
(69, 30, -113, -58, 2023, -219, 341, 6121, -3952, 5564, 1039.174072265625, -8531, 0, 150)
(69, 22, -104, -53, 2033, -218, 321, 6121, -3952, 5564, 1039.174072265625, -8531, 0, 133)
(69, 22, -104, -53, 2033, -218, 321, 6121, -3952, 5564, 1039.174072265625, -8531, 0, 133)
(254, 10090, -378668650, 1450728067, 110, 10749, 0, 13)
(69, 25, -105, -54, 2036, -222, 333, 6121, -3952, 5564, 1039.174072265625, -8531, 0, 137)
(69, 25, -105, -54, 2036, -222, 333, 6121, -3952, 5564, 1039.174072265625, -8531, 0, 137)
(69, 22, -103, -53, 2036, -224, 329, 6121, -3952, 5564, 1039.053955078125, -8531, 0, 163)
(69, 22, -103, -53, 2036, -224, 329, 6121, -3952, 5564, 1039.053955078125, -8531, 0, 163)
(69, 28, -108, -55, 2031, -223, 317, 6158, -3969, 5555, 1039.053955078125, -8531, 0, 192)
(254, 10090, -378668650, 1450728067, 100, 10666, 0, 80)
(69, 28, -108, -55, 2031, -223, 317, 6158, -3969, 5555, 1039.12548828125, -8530, 0, 120)
(69, 28, -109, -55, 2029, -216, 335, 6158, -3969, 5555, 1039.12548828125, -8530, 0, 6)
(69, 28, -109, -55, 2029, -216, 335, 6158, -3969, 5555, 1039.12548828125, -8530, 0, 6)
(69, 24, -106, -51, 2028, -220, 319, 6132, -3973, 5563, 1039.22314453125, -8526, 0, 184)
(69, 24, -106, -51, 2028, -220, 319, 6125, -3985, 5529, 1039.22314453125, -8526, 0, 151)
(69, 23, -105, -52, 2027, -223, 324, 6125, -3985, 5529, 1039.22314453125, -8526, 0, 225)
(69, 23, -105, -52, 2027, -223, 324, 6125, -3985, 5529, 1039.22314453125, -8526, 0, 225)
(69, 25, -105, -53, 2033, -218, 332, 6125, -3985, 5529, 1039.22314453125, -8526, 0, 253)
(69, 25, -105, -53, 2033, -218, 332, 6125, -3985, 5529, 1039.22314453125, -8526, 0, 253)
(69, 23, -103, -53, 2030, -218, 340, 6125, -3985, 5529, 1039.1689453125, -8524, 0, 178)
(69, 23, -103, -53, 2030, -218, 340, 6125, -3985, 5529, 1039.1689453125, -8524, 0, 178)
(69, 24, -106, -53, 2040, -222, 331, 6125, -3985, 5529, 1039.1689453125, -8524, 0, 191)
(69, 24, -106, -53, 2040, -222, 331, 6125, -3985, 5529, 1039.1689453125, -8524, 0, 191)
(69, 25, -106, -54, 2050, -217, 330, 6132, -3973, 5572, 1039.115234375, -8529, 0, 219)
(69, 25, -106, -54, 2050, -217, 330, 6132, -3973, 5572, 1039.115234375, -8529, 0, 219)
(69, 22, -104, -52, 2037, -221, 327, 6132, -3973, 5572, 1039.115234375, -8529, 0, 45)
(69, 22, -104, -52, 2037, -221, 327, 6132, -3973, 5572, 1039.115234375, -8529, 0, 45)
(69, 22, -104, -53, 2041, -216, 334, 6132, -3973, 5572, 1039.115234375, -8529, 0, 36)
(69, 23, -104, -53, 2041, -216, 334, 6132, -3973, 5572, 1039.115234375, -8529, 0, 37)
(69, 23, -104, -53, 2038, -214, 332, 6132, -3973, 5572, 1039.391845703125, -8524, 0, 6)
(69, 29, -109, -56, 2041, -216, 318, 6132, -3973, 5572, 1039.391845703125, -8524, 0, 121)
(69, 29, -109, -56, 2041, -216, 318, 6132, -3973, 5572, 1039.391845703125, -8524, 0, 121)
(69, 20, -101, -52, 2031, -223, 319, 6125, -3982, 5601, 1039.391845703125, -8524, 0, 87)
(69, 21, -102, -51, 2023, -215, 328, 6134, -3952, 5556, 1039.244140625, -8523, 0, 221)
(69, 21, -102, -53, 2035, -215, 329, 6134, -3952, 5556, 1039.244140625, -8523, 0, 206)
(69, 25, -105, -53, 2035, -215, 329, 6123, -3965, 5588, 1039.244140625, -8523, 0, 161)
(69, 25, -105, -53, 2036, -223, 332, 6123, -3965, 5588, 1039.244140625, -8523, 0, 171)
(69, 22, -102, -52, 2036, -223, 332, 6123, -3965, 5588, 1039.244140625, -8523, 0, 174)
(69, 22, -102, -52, 2036, -223, 332, 6123, -3965, 5588, 1039.244140625, -8523, 0, 174)
(69, 23, -105, -52, 2048, -220, 334, 6123, -3965, 5588, 1039.09326171875, -8524, 0, 118)
(69, 23, -105, -52, 2048, -220, 334, 6123, -3965, 5588, 1039.09326171875, -8524, 0, 118)
(69, 25, -107, -55, 2039, -216, 321, 6123, -3965, 5588, 1039.09326171875, -8524, 0, 132)
(69, 25, -107, -55, 2039, -216, 321, 6123, -3965, 5588, 1039.09326171875, -8524, 0, 132)
(69, 26, -105, -55, 2027, -218, 334, 6123, -3965, 5588, 1039.09326171875, -8524, 0, 152)
(69, 26, -105, -55, 2027, -218, 334, 6123, -3965, 5588, 1039.09326171875, -8524, 0, 152)
(69, 22, -105, -51, 2041, -225, 334, 6135, -3965, 5575, 1039.148681640625, -8527, 0, 137)
(69, 24, -102, -53, 2034, -217, 333, 6135, -3965, 5575, 1039.148681640625, -8527, 0, 188)
(69, 24, -102, -53, 2034, -217, 333, 6135, -3965, 5575, 1039.148681640625, -8527, 0, 188)
(69, 20, -101, -50, 2028, -215, 326, 6135, -3965, 5575, 1039.148681640625, -8527, 0, 175)
(69, 24, -104, -53, 2028, -215, 326, 6135, -3965, 5575, 1039.148681640625, -8527, 0, 165)
(69, 24, -104, -53, 2026, -218, 337, 6135, -3965, 5575, 1039.148681640625, -8527, 0, 187)
(69, 25, -106, -53, 2026, -218, 337, 6135, -3965, 5575, 1039.148681640625, -8527, 0, 180)
(69, 25, -106, -53, 2026, -218, 337, 6135, -3965, 5575, 1039.148681640625, -8527, 0, 180)
(69, 23, -104, -52, 2033, -219, 328, 6135, -3965, 5575, 1039.148681640625, -8527, 0, 178)
(69, 21, -103, -53, 2030, -224, 315, 6129, -3977, 5615, 1039.11376953125, -8528, 0, 101)
(69, 21, -103, -53, 2036, -217, 319, 6129, -3977, 5615, 1039.11376953125, -8528, 0, 124)
(69, 21, -102, -50, 2036, -217, 319, 6129, -3977, 5615, 1039.11376953125, -8528, 0, 122)
(69, 21, -102, -50, 2036, -217, 319, 6129, -3977, 5615, 1039.11376953125, -8530, 0, 100)
(69, 22, -104, -54, 2035, -212, 319, 6129, -3977, 5615, 1039.1455078125, -8530, 0, 102)
(69, 22, -104, -54, 2035, -212, 319, 6129, -3977, 5615, 1039.1455078125, -8530, 0, 102)
(69, 28, -108, -56, 2030, -217, 331, 6107, -3997, 5580, 1039.1455078125, -8530, 0, 29)
(69, 28, -108, -56, 2030, -217, 331, 6107, -3997, 5580, 1039.1455078125, -8530, 0, 29)
(69, 28, -106, -55, 2029, -216, 336, 6107, -3997, 5580, 1039.1455078125, -8530, 0, 9)
(69, 22, -103, -52, 2044, -220, 339, 6135, -3992, 5608, 1039.212890625, -8519, 0, 121)
(69, 22, -103, -52, 2044, -227, 330, 6135, -3992, 5608, 1039.103515625, -8527, 0, 212)
(69, 24, -105, -54, 2044, -227, 330, 6135, -3992, 5608, 1039.103515625, -8527, 0, 210)
(69, 24, -105, -54, 2044, -227, 330, 6135, -3992, 5608, 1039.103515625, -8527, 0, 210)
(69, 25, -109, -55, 2034, -219, 326, 6135, -3992, 5608, 1039.103515625, -8527, 0, 238)
(69, 25, -109, -55, 2034, -219, 326, 6135, -3992, 5608, 1039.103515625, -8527, 0, 238)
(69, 21, -103, -51, 2024, -212, 341, 6135, -3992, 5608, 1039.103515625, -8527, 0, 236)
(69, 22, -103, -52, 2031, -223, 319, 6152, -3980, 5560, 1039.313232421875, -8524, 0, 104)
(69, 22, -102, -53, 2031, -214, 333, 6152, -3980, 5560, 1039.313232421875, -8524, 0, 21)
(69, 22, -102, -53, 2031, -214, 333, 6152, -3980, 5560, 1039.313232421875, -8524, 0, 21)
(69, 25, -106, -52, 2029, -227, 312, 6152, -3980, 5560, 1039.313232421875, -8524, 0, 81)
(69, 25, -106, -52, 2029, -227, 312, 6152, -3980, 5560, 1039.313232421875, -8524, 0, 81)
(69, 20, -101, -49, 2034, -219, 330, 6152, -3980, 5560, 1039.313232421875, -8524, 0, 7)
(254, 10090, -378668650, 1450728067, 80, 6760, 0, 6)
(69, 27, -111, -56, 2028, -223, 324, 6115, -4021, 5563, 1039.319091796875, -8522, 0, 251)
(69, 22, -105, -53, 2028, -223, 324, 6115, -4021, 5563, 1039.319091796875, -8522, 0, 243)
(69, 22, -103, -52, 2029, -217, 340, 6140, -4018, 5544, 1039.170654296875, -8528, 0, 173)
(69, 21, -102, -52, 2033, -219, 317, 6140, -4018, 5544, 1039.170654296875, -8528, 0, 218)
(69, 21, -102, -52, 2033, -219, 317, 6140, -4018, 5544, 1039.170654296875, -8528, 0, 218)
(69, 24, -104, -52, 2031, -224, 321, 6140, -4018, 5544, 1039.170654296875, -8528, 0, 178)
(69, 24, -104, -52, 2031, -224, 321, 6140, -4018, 5544, 1039.170654296875, -8528, 0, 178)
(69, 21, -102, -50, 2034, -220, 326, 6140, -4018, 5544, 1039.170654296875, -8528, 0, 161)
(69, 23, -103, -52, 2030, -219, 333, 6117, -3996, 5562, 1039.191650390625, -8522, 0, 196)
(69, 23, -104, -54, 2038, -223, 324, 6117, -3996, 5562, 1039.191650390625, -8522, 0, 214)
(69, 23, -104, -54, 2038, -223, 324, 6117, -3996, 5562, 1039.191650390625, -8522, 0, 214)
(69, 23, -104, -52, 2019, -217, 341, 6117, -3996, 5562, 1039.191650390625, -8522, 0, 210)
(69, 23, -104, -52, 2019, -217, 341, 6117, -3996, 5562, 1039.191650390625, -8522, 0, 210)
(69, 25, -106, -53, 2042, -214, 322, 6090, -4005, 5585, 1039.25390625, -8522, 0, 161)
(69, 25, -106, -53, 2042, -214, 322, 6090, -4005, 5585, 1039.25390625, -8522, 0, 161)
(69, 25, -106, -54, 2039, -217, 334, 6090, -4005, 5585, 1039.101806640625, -8530, 0, 221)
(69, 25, -109, -54, 2031, -217, 329, 6140, -3975, 5548, 1039.101806640625, -8530, 0, 174)
(69, 27, -109, -54, 2031, -217, 329, 6140, -3975, 5548, 1039.101806640625, -8530, 0, 172)
(69, 27, -109, -54, 2034, -213, 326, 6140, -3975, 5548, 1039.101806640625, -8530, 0, 178)
(69, 25, -104, -53, 2034, -213, 326, 6140, -3975, 5548, 1039.101806640625, -8530, 0, 186)
(69, 23, -103, -52, 2037, -219, 328, 6114, -3974, 5561, 1039.187255859375, -8527, 0, 24)
(69, 24, -103, -52, 2037, -217, 320, 6114, -3974, 5561, 1039.187255859375, -8527, 0, 29)
(69, 24, -104, -51, 2037, -217, 320, 6114, -3974, 5561, 1039.187255859375, -8527, 0, 29)
(69, 24, -104, -51, 2037, -217, 320, 6114, -3974, 5561, 1039.187255859375, -8527, 0, 29)
(69, 25, -106, -54, 2028, -218, 340, 6114, -3974, 5561, 1039.187255859375, -8527, 0, 25)
(69, 22, -103, -53, 2035, -224, 324, 6125, -3966, 5537, 1039.127685546875, -8529, 0, 9)
(69, 24, -103, -53, 2031, -223, 324, 6143, -3963, 5552, 1039.127685546875, -8529, 0, 30)
(69, 27, -107, -55, 2031, -220, 325, 6143, -3963, 5552, 1039.23681640625, -8524, 0, 141)
(69, 27, -107, -55, 2031, -220, 325, 6143, -3963, 5552, 1039.23681640625, -8524, 0, 141)
(69, 23, -104, -54, 2031, -210, 324, 6143, -3963, 5552, 1039.23681640625, -8524, 0, 132)
(254, 10090, -378668650, 1450728083, 120, 3432, 0, -70)
(69, 23, -104, -54, 2031, -210, 324, 6143, -3963, 5552, 1039.23681640625, -8524, 0, 132)
(69, 19, -100, -51, 2032, -215, 329, 6143, -3963, 5552, 1039.23681640625, -8524, 0, 150)
(69, 24, -105, -54, 2036, -216, 326, 6143, -3963, 5552, 1039.23681640625, -8524, 0, 155)
(69, 24, -105, -54, 2036, -216, 326, 6143, -3963, 5552, 1039.042236328125, -8529, 0, 72)
(69, 20, -102, -51, 2024, -218, 332, 6128, -3995, 5553, 1039.042236328125, -8529, 0, 184)
(69, 20, -102, -51, 2024, -218, 332, 6128, -3995, 5553, 1039.042236328125, -8529, 0, 184)
(69, 22, -102, -52, 2029, -211, 334, 6128, -3995, 5553, 1039.042236328125, -8529, 0, 183)
(69, 22, -102, -52, 2029, -211, 334, 6128, -3995, 5553, 1039.042236328125, -8529, 0, 183)
(69, 21, -104, -52, 2033, -221, 310, 6128, -3995, 5553, 1039.042236328125, -8529, 0, 220)
(69, 22, -104, -53, 2040, -213, 325, 6128, -3995, 5553, 1039.042236328125, -8529, 0, 170)
(254, 10090, -378668650, 1450728083, 120, 2743, 0, 98)
(69, 22, -104, -53, 2040, -213, 325, 6128, -3995, 5553, 1039.042236328125, -8529, 0, 170)
(69, 23, -106, -53, 2035, -212, 319, 6120, -3963, 5567, 1039.146484375, -8522, 0, 211)
(69, 24, -104, -54, 2027, -222, 320, 6120, -3963, 5567, 1039.146484375, -8522, 0, 186)
(69, 24, -104, -54, 2027, -222, 320, 6120, -3963, 5567, 1039.146484375, -8522, 0, 186)
(254, 10090, -378668650, 1450728083, 130, 1565, 0, 62)
(69, 22, -104, -52, 2040, -211, 329, 6140, -3998, 5548, 1039.146484375, -8522, 0, 71)
(69, 22, -104, -52, 2040, -211, 329, 6140, -3998, 5548, 1039.33251953125, -8522, 0, 93)
(69, 23, -105, -54, 2038, -222, 328, 6140, -3998, 5548, 1039.33251953125, -8522, 0, 85)
(69, 21, -102, -51, 2040, -219, 333, 6146, -3993, 5564, 1039.162353515625, -8525, 0, 41)
(69, 24, -103, -53, 2042, -217, 334, 6146, -3993, 5564, 1039.162353515625, -8525, 0, 34)
(69, 24, -103, -53, 2042, -217, 334, 6146, -3993, 5564, 1039.162353515625, -8525, 0, 34)
(69, 20, -102, -50, 2037, -213, 328, 6148, -3995, 5591, 1039.29296875, -8522, 0, 25)
(69, 19, -101, -51, 2032, -208, 331, 6148, -3995, 5591, 1039.29296875, -8522, 0, 1)
(69, 19, -101, -51, 2032, -208, 331, 6148, -3995, 5591, 1039.29296875, -8522, 0, 1)
(69, 22, -103, -53, 2036, -218, 332, 6148, -3995, 5591, 1039.29296875, -8522, 0, 21)
(69, 20, -102, -52, 2035, -215, 329, 6148, -3995, 5591, 1039.29296875, -8522, 0, 30)
(69, 20, -102, -52, 2035, -215, 329, 6148, -3995, 5591, 1039.29296875, -8522, 0, 30)
(69, 25, -106, -54, 2015, -218, 342, 6148, -3995, 5591, 1039.29296875, -8522, 0, 37)
(69, 25, -106, -54, 2015, -218, 342, 6148, -3995, 5591, 1039.29296875, -8522, 0, 37)
(69, 25, -107, -55, 2026, -224, 316, 6104, -3995, 5629, 1039.2294921875, -8520, 0, 189)
(69, 31, -112, -56, 2040, -218, 327, 6104, -3995, 5629, 1039.2294921875, -8520, 0, 208)
(69, 20, -102, -49, 2025, -208, 331, 6104, -3995, 5629, 1039.19873046875, -8517, 0, 219)
(69, 20, -102, -49, 2025, -208, 331, 6104, -3995, 5629, 1039.19873046875, -8517, 0, 219)
(69, 23, -105, -52, 2030, -224, 328, 6104, -3995, 5629, 1039.19873046875, -8517, 0, 194)
(69, 23, -105, -52, 2030, -224, 328, 6104, -3995, 5629, 1039.19873046875, -8517, 0, 194)
(69, 23, -103, -54, 2031, -228, 335, 6104, -3995, 5629, 1039.19873046875, -8517, 0, 240)
(69, 23, -103, -54, 2031, -228, 335, 6104, -3995, 5629, 1039.19873046875, -8517, 0, 240)
(69, 26, -108, -55, 2028, -216, 329, 6136, -3986, 5560, 1039.19873046875, -8517, 0, 172)
(69, 26, -108, -55, 2028, -216, 329, 6136, -3986, 5560, 1039.19873046875, -8517, 0, 172)
(69, 25, -106, -52, 2048, -219, 329, 6136, -3986, 5560, 1039.19873046875, -8517, 0, 70)
(69, 26, -105, -53, 2037, -223, 328, 6137, -3985, 5556, 1039.049072265625, -8527, 0, 115)
(69, 25, -105, -53, 2037, -219, 330, 6137, -3985, 5556, 1039.049072265625, -8527, 0, 118)
(69, 25, -105, -53, 2037, -219, 330, 6177, -3985, 5554, 1039.049072265625, -8527, 0, 167)
(69, 25, -105, -53, 2035, -214, 324, 6177, -3985, 5554, 1039.049072265625, -8527, 0, 160)
(69, 24, -105, -53, 2035, -214, 324, 6177, -3985, 5554, 1039.049072265625, -8527, 0, 161)
(69, 24, -105, -53, 2032, -218, 324, 6177, -3985, 5554, 1039.128662109375, -8525, 0, 37)
(69, 28, -109, -55, 2033, -218, 322, 6177, -3985, 5554, 1039.128662109375, -8525, 0, 32)
(69, 30, -111, -57, 2024, -209, 333, 6177, -3985, 5554, 1039.128662109375, -8525, 0, 49)
(69, 23, -103, -54, 2031, -213, 348, 6177, -3985, 5554, 1039.128662109375, -8525, 0, 47)
(69, 23, -102, -51, 2034, -219, 335, 6177, -3985, 5554, 1039.128662109375, -8525, 0, 43)
(69, 22, -102, -51, 2034, -219, 335, 6177, -3985, 5554, 1039.169921875, -8520, 0, 78)
(69, 22, -102, -51, 2038, -215, 340, 6164, -4004, 5555, 1039.169921875, -8520, 0, 90)
(69, 20, -100, -51, 2033, -217, 326, 6183, -3978, 5604, 1039.26123046875, -8520, 0, 42)
(69, 24, -104, -55, 2033, -218, 334, 6183, -3978, 5604, 1039.26123046875, -8520, 0, 47)
(69, 24, -104, -55, 2033, -218, 334, 6183, -3978, 5604, 1039.26123046875, -8520, 0, 47)
(69, 21, -104, -51, 2021, -225, 313, 6114, -4008, 5524, 1039.26123046875, -8520, 0, 232)
(69, 21, -104, -51, 2021, -225, 313, 6114, -4008, 5524, 1039.26123046875, -8520, 0, 232)
(69, 21, -103, -51, 2037, -212, 325, 6114, -4008, 5524, 1039.26123046875, -8520, 0, 182)
(69, 21, -103, -51, 2037, -212, 325, 6114, -4008, 5524, 1039.26123046875, -8520, 0, 69)
(69, 26, -106, -53, 2025, -216, 340, 6130, -3967, 5536, 1039.1728515625, -8521, 0, 146)
(69, 26, -106, -53, 2037, -223, 317, 6130, -3967, 5536, 1039.1728515625, -8521, 0, 238)
(69, 25, -107, -54, 2037, -223, 317, 6130, -3967, 5536, 1039.1728515625, -8521, 0, 239)
(69, 25, -107, -54, 2037, -223, 317, 6130, -3967, 5536, 1039.1728515625, -8521, 0, 239)
(69, 25, -105, -54, 2027, -213, 337, 6130, -3967, 5536, 1039.1728515625, -8521, 0, 149)
(69, 25, -105, -54, 2027, -213, 337, 6130, -3967, 5536, 1039.1728515625, -8521, 0, 149)
(69, 21, -102, -51, 2041, -222, 336, 6136, -3956, 5572, 1039.35400390625, -8514, 0, 49)
(69, 21, -102, -51, 2041, -222, 336, 6136, -3956, 5572, 1039.35400390625, -8514, 0, 49)
(69, 21, -102, -53, 2038, -216, 340, 6136, -3956, 5572, 1039.35400390625, -8514, 0, 54)
(69, 21, -98, -52, 2040, -227, 328, 6136, -3956, 5572, 1039.35400390625, -8514, 0, 18)
(69, 22, -103, -51, 2016, -219, 340, 6136, -3956, 5572, 1039.35400390625, -8514, 0, 43)
(69, 22, -103, -51, 2016, -219, 340, 6136, -3956, 5572, 1039.35400390625, -8514, 0, 43)
(69, 23, -105, -53, 2037, -224, 342, 6136, -3956, 5572, 1039.35400390625, -8514, 0, 48)
(69, 16, -96, -49, 2020, -219, 339, 6136, -3977, 5548, 1039.156982421875, -8524, 0, 208)
(69, 18, -96, -49, 2020, -219, 339, 6136, -3977, 5548, 1039.156982421875, -8524, 0, 210)
(69, 18, -103, -52, 2029, -222, 341, 6136, -3977, 5548, 1039.156982421875, -8524, 0, 224)
(254, 10090, -378668633, 1450728083, 160, 807, 0, 18)
(69, 22, -103, -52, 2029, -222, 341, 6136, -3977, 5548, 1039.156982421875, -8524, 0, 228)
(69, 22, -103, -52, 2030, -214, 327, 6136, -3977, 5548, 1039.156982421875, -8524, 0, 253)
(69, 20, -103, -51, 2030, -214, 327, 6136, -3977, 5548, 1039.156982421875, -8524, 0, 254)
(69, 21, -100, -52, 2034, -217, 329, 6136, -3977, 5548, 1039.253173828125, -8515, 0, 252)
(69, 27, -106, -54, 2038, -225, 335, 6136, -3989, 5556, 1039.253173828125, -8515, 0, 192)
(69, 27, -106, -54, 2035, -211, 313, 6136, -3989, 5556, 1039.253173828125, -8515, 0, 129)
(69, 25, -107, -54, 2035, -211, 313, 6136, -3989, 5556, 1039.253173828125, -8515, 0, 128)
(69, 25, -107, -54, 2035, -211, 318, 6136, -3989, 5556, 1039.253173828125, -8515, 0, 135)
(69, 24, -104, -54, 2039, -216, 333, 6136, -3989, 5556, 1039.2607421875, -8511, 0, 199)
(69, 25, -107, -55, 2039, -216, 333, 6161, -3946, 5572, 1039.2607421875, -8511, 0, 163)
(69, 25, -107, -55, 2039, -216, 329, 6161, -3946, 5572, 1039.2607421875, -8511, 0, 167)
(69, 24, -107, -54, 2029, -215, 329, 6161, -3946, 5572, 1039.287353515625, -8510, 0, 214)
(69, 24, -107, -54, 2029, -215, 329, 6161, -3946, 5572, 1039.287353515625, -8510, 0, 214)
(69, 19, -100, -52, 2026, -227, 337, 6161, -3946, 5572, 1039.287353515625, -8510, 0, 249)
(254, 10090, -378668633, 1450728083, 160, 1413, 0, -74)
(69, 24, -104, -55, 2025, -222, 337, 6161, -3946, 5572, 1039.287353515625, -8510, 0, 207)
(69, 24, -104, -55, 2025, -213, 338, 6161, -3946, 5572, 1039.287353515625, -8510, 0, 197)
(69, 23, -103, -53, 2035, -213, 338, 6161, -3971, 5519, 1039.287353515625, -8510, 0, 115)
(69, 23, -103, -53, 2035, -213, 338, 6161, -3971, 5519, 1039.287353515625, -8510, 0, 115)
(69, 19, -99, -51, 2030, -213, 326, 6100, -3996, 5551, 1039.1572265625, -8517, 0, 192)
(69, 19, -99, -51, 2030, -213, 326, 6100, -3996, 5551, 1039.1572265625, -8517, 0, 192)
(69, 28, -107, -54, 2034, -220, 326, 6100, -3996, 5551, 1039.1572265625, -8517, 0, 211)
(69, 28, -107, -54, 2034, -220, 326, 6100, -3996, 5551, 1039.0791015625, -8513, 0, 80)
(69, 26, -106, -53, 2036, -217, 334, 6100, -3996, 5551, 1039.0791015625, -8513, 0, 89)
(69, 26, -106, -53, 2036, -217, 334, 6100, -3996, 5551, 1039.0791015625, -8513, 0, 89)
(69, 27, -107, -55, 2030, -212, 324, 6102, -3958, 5608, 1039.167724609375, -8516, 0, 59)
(69, 26, -109, -56, 2037, -209, 334, 6102, -3958, 5608, 1039.167724609375, -8516, 0, 47)
(69, 26, -109, -56, 2037, -209, 334, 6102, -3958, 5608, 1039.167724609375, -8516, 0, 47)
(69, 26, -109, -56, 2030, -218, 321, 6102, -3958, 5608, 1039.167724609375, -8516, 0, 50)
(69, 21, -104, -52, 2030, -218, 321, 6102, -3958, 5608, 1039.167724609375, -8516, 0, 50)
(69, 24, -103, -53, 2029, -225, 325, 6102, -3958, 5608, 1039.167724609375, -8506, 0, 125)
(69, 24, -103, -53, 2029, -225, 325, 6102, -3958, 5608, 1039.125244140625, -8506, 0, 32)
(69, 22, -105, -52, 2034, -220, 316, 6102, -3958, 5608, 1039.125244140625, -8506, 0, 122)
(69, 22, -105, -52, 2034, -220, 316, 6102, -3958, 5608, 1039.125244140625, -8506, 0, 122)
(69, 21, -102, -51, 2032, -220, 331, 6102, -3958, 5608, 1039.125244140625, -8506, 0, 0)
(69, 21, -102, -51, 2032, -220, 331, 6102, -3958, 5608, 1039.125244140625, -8506, 0, 0)
(69, 22, -101, -52, 2038, -220, 326, 6107, -3977, 5521, 1039.303955078125, -8509, 0, 49)
(69, 23, -104, -54, 2033, -215, 326, 6107, -3977, 5521, 1039.303955078125, -8509, 0, 63)
(69, 23, -104, -54, 2033, -215, 326, 6107, -3977, 5521, 1039.303955078125, -8509, 0, 63)
(69, 22, -105, -52, 2027, -219, 346, 6107, -3977, 5521, 1039.303955078125, -8509, 0, 61)
(69, 22, -105, -52, 2027, -219, 346, 6107, -3977, 5521, 1039.303955078125, -8509, 0, 61)
(69, 26, -108, -55, 2030, -218, 338, 6107, -3977, 5521, 1039.303955078125, -8509, 0, 57)
(69, 24, -106, -52, 2038, -204, 325, 6107, -3977, 5521, 1039.303955078125, -8509, 0, 33)
(69, 24, -107, -52, 2031, -219, 328, 6107, -3977, 5521, 1039.303955078125, -8509, 0, 39)
(69, 24, -107, -52, 2031, -219, 328, 6107, -3977, 5521, 1039.303955078125, -8509, 0, 39)
(69, 24, -107, -52, 2034, -214, 325, 6107, -3977, 5521, 1039.303955078125, -8509, 0, 56)
(69, 23, -102, -52, 2034, -214, 325, 6107, -3977, 5521, 1039.303955078125, -8509, 0, 56)
(69, 23, -102, -52, 2034, -214, 329, 6107, -3977, 5521, 1039.303955078125, -8510, 0, 53)
(69, 25, -106, -54, 2029, -216, 343, 6153, -3963, 5516, 1039.338623046875, -8506, 0, 107)
(69, 28, -110, -54, 2021, -217, 344, 6153, -3963, 5516, 1039.338623046875, -8506, 0, 98)
(69, 28, -110, -54, 2021, -217, 344, 6153, -3963, 5516, 1039.338623046875, -8506, 0, 98)
(69, 28, -110, -54, 2024, -219, 338, 6153, -3963, 5516, 1039.210205078125, -8509, 0, 2)
(69, 24, -105, -54, 2024, -219, 338, 6153, -3963, 5516, 1039.210205078125, -8509, 0, 3)
(69, 24, -105, -54, 2023, -215, 340, 6153, -3963, 5516, 1039.210205078125, -8509, 0, 6)
(69, 25, -106, -54, 2040, -218, 330, 6153, -3963, 5516, 1039.210205078125, -8509, 0, 8)
(69, 26, -107, -54, 2039, -216, 331, 6153, -3963, 5516, 1039.210205078125, -8509, 0, 8)
(69, 26, -107, -54, 2039, -216, 331, 6154, -3962, 5537, 1039.210205078125, -8509, 0, 37)
(69, 26, -105, -53, 2036, -224, 313, 6154, -3962, 5537, 1039.210205078125, -8509, 0, 95)
(69, 26, -105, -53, 2036, -224, 313, 6154, -3962, 5537, 1039.210205078125, -8509, 0, 95)
(69, 20, -100, -50, 2030, -221, 333, 6154, -3962, 5537, 1039.210205078125, -8509, 0, 50)
(69, 22, -103, -51, 2031, -215, 323, 6120, -3967, 5512, 1039.206298828125, -8504, 0, 219)
(69, 22, -103, -51, 2031, -215, 323, 6120, -3967, 5512, 1039.206298828125, -8504, 0, 219)
(69, 22, -103, -52, 2022, -220, 343, 6120, -3967, 5512, 1039.206298828125, -8504, 0, 202)
(69, 22, -103, -52, 2022, -220, 343, 6120, -3967, 5512, 1039.206298828125, -8504, 0, 202)
(69, 27, -106, -55, 2039, -214, 322, 6153, -3951, 5537, 1039.19775390625, -8502, 0, 220)
(69, 25, -108, -54, 2038, -207, 322, 6153, -3951, 5537, 1039.19775390625, -8502, 0, 197)
(69, 25, -108, -54, 2038, -207, 322, 6153, -3951, 5537, 1039.19775390625, -8502, 0, 197)
(69, 19, -101, -51, 2026, -204, 329, 6153, -3951, 5537, 1039.19775390625, -8502, 0, 213)
(69, 26, -107, -54, 2037, -216, 332, 6158, -3987, 5548, 1039.130615234375, -8508, 0, 83)
(69, 26, -107, -54, 2037, -216, 332, 6158, -3987, 5548, 1039.130615234375, -8508, 0, 83)
(69, 26, -107, -54, 2023, -218, 344, 6158, -3987, 5548, 1039.130615234375, -8508, 0, 91)
(69, 26, -107, -54, 2023, -218, 344, 6158, -3987, 5548, 1039.130615234375, -8508, 0, 91)
(69, 23, -104, -53, 2032, -225, 329, 6158, -3987, 5548, 1039.130615234375, -8508, 0, 101)
(69, 23, -105, -53, 2039, -219, 334, 6096, -3973, 5539, 1039.097412109375, -8508, 0, 175)
(69, 23, -105, -53, 2039, -219, 334, 6096, -3973, 5539, 1039.097412109375, -8508, 0, 175)
(69, 26, -107, -53, 2044, -214, 331, 6096, -3973, 5539, 1039.097412109375, -8508, 0, 161)
(69, 26, -107, -53, 2044, -214, 331, 6096, -3973, 5539, 1039.097412109375, -8508, 0, 161)
(254, 10090, -378668633, 1450728083, 180, 1376, 0, 71)
(69, 22, -103, -51, 2031, -219, 337, 6096, -3973, 5539, 1039.1279296875, -8506, 0, 162)
(69, 22, -103, -51, 2031, -219, 337, 6096, -3973, 5539, 1039.1279296875, -8506, 0, 162)
(69, 22, -104, -52, 2038, -218, 334, 6096, -3973, 5539, 1039.1279296875, -8506, 0, 167)
(69, 25, -108, -52, 2030, -218, 339, 6096, -3973, 5539, 1039.1279296875, -8506, 0, 161)
(69, 25, -108, -52, 2030, -218, 339, 6139, -4011, 5535, 1039.1279296875, -8506, 0, 152)
(69, 26, -105, -54, 2019, -214, 339, 6139, -4011, 5535, 1039.1279296875, -8506, 0, 159)
(69, 24, -105, -53, 2034, -218, 334, 6111, -3999, 5521, 1039.122802734375, -8501, 0, 126)
(69, 26, -106, -54, 2032, -212, 335, 6111, -3999, 5521, 1039.122802734375, -8501, 0, 117)
(69, 26, -106, -54, 2032, -212, 335, 6111, -3999, 5521, 1039.122802734375, -8501, 0, 117)
(69, 23, -104, -53, 2021, -218, 348, 6111, -3999, 5521, 1039.122802734375, -8501, 0, 123)
(69, 23, -104, -53, 2021, -218, 348, 6111, -3999, 5521, 1039.122802734375, -8501, 0, 123)
(69, 27, -106, -55, 2036, -207, 330, 6111, -3999, 5521, 1039.122802734375, -8501, 0, 107)
(69, 27, -106, -55, 2036, -207, 330, 6111, -3999, 5521, 1039.122802734375, -8501, 0, 7)
(69, 24, -106, -54, 2029, -213, 320, 6123, -4005, 5527, 1039.122802734375, -8501, 0, 106)
(69, 24, -105, -54, 2024, -215, 343, 6123, -4005, 5527, 1039.122802734375, -8501, 0, 123)
(69, 24, -105, -54, 2024, -215, 343, 6123, -4005, 5527, 1039.088134765625, -8504, 0, 69)
(69, 21, -103, -52, 2021, -230, 310, 6123, -4005, 5527, 1039.088134765625, -8504, 0, 31)
(69, 21, -103, -52, 2021, -230, 310, 6123, -4005, 5527, 1039.088134765625, -8504, 0, 31)
(69, 23, -103, -53, 2038, -212, 325, 6115, -4000, 5551, 1039.296630859375, -8498, 0, 230)
(69, 23, -103, -53, 2038, -212, 325, 6115, -4000, 5551, 1039.296630859375, -8498, 0, 230)
(69, 20, -102, -51, 2040, -221, 328, 6115, -4000, 5551, 1039.14013671875, -8497, 0, 226)
(69, 20, -102, -51, 2040, -221, 328, 6115, -4000, 5551, 1039.14013671875, -8497, 0, 226)
(69, 20, -102, -51, 2034, -219, 322, 6115, -4000, 5551, 1039.14013671875, -8497, 0, 228)
(69, 21, -104, -51, 2034, -219, 322, 6115, -4000, 5535, 1039.14013671875, -8497, 0, 215)
(69, 22, -102, -50, 2032, -214, 334, 6142, -3999, 5535, 1039.39404296875, -8492, 0, 59)
(69, 22, -102, -50, 2032, -214, 334, 6142, -3999, 5535, 1039.39404296875, -8492, 0, 59)
(69, 20, -102, -49, 2033, -219, 323, 6142, -3999, 5535, 1039.39404296875, -8492, 0, 59)
(69, 22, -105, -50, 2033, -219, 328, 6142, -3999, 5535, 1039.39404296875, -8492, 0, 62)
(69, 22, -105, -50, 2033, -219, 328, 6142, -3999, 5535, 1039.39404296875, -8492, 0, 62)
(69, 21, -102, -52, 2024, -220, 344, 6142, -3999, 5535, 1039.20361328125, -8500, 0, 48)
(254, 10090, -378668617, 1450728083, 180, 1676, 0, -72)
(69, 21, -103, -51, 2045, -224, 330, 6152, -3971, 5574, 1039.279052734375, -8495, 0, 244)
(254, 10090, -378668617, 1450728083, 180, 1876, 0, 97)
(69, 27, -106, -54, 2030, -221, 328, 6152, -3971, 5574, 1039.279052734375, -8495, 0, 224)
(69, 27, -106, -52, 2033, -210, 327, 6152, -3971, 5574, 1039.279052734375, -8495, 0, 251)
(69, 25, -106, -52, 2033, -210, 327, 6152, -3971, 5574, 1039.279052734375, -8495, 0, 249)
(69, 25, -106, -52, 2036, -212, 323, 6152, -3971, 5574, 1039.279052734375, -8495, 0, 250)
(69, 23, -104, -53, 2024, -213, 339, 6147, -3983, 5560, 1039.18115234375, -8495, 0, 160)
(69, 20, -102, -50, 2029, -214, 334, 6147, -3983, 5560, 1039.18115234375, -8495, 0, 189)
(254, 10090, -378668617, 1450728083, 190, 1912, 0, 71)
(69, 20, -103, -50, 2029, -214, 334, 6147, -3983, 5560, 1039.18115234375, -8495, 0, 190)
(69, 20, -103, -52, 2024, -216, 339, 6147, -3983, 5560, 1039.18115234375, -8495, 0, 166)
(69, 21, -102, -52, 2026, -211, 330, 6126, -3968, 5551, 1039.3046875, -8491, 0, 186)
(69, 21, -102, -52, 2026, -211, 334, 6126, -3968, 5551, 1039.3046875, -8491, 0, 190)
(254, 10090, -378668617, 1450728083, 190, 1794, 0, 61)
(69, 24, -107, -55, 2028, -213, 334, 6126, -3968, 5551, 1039.3046875, -8491, 0, 185)
(69, 24, -107, -55, 2028, -213, 334, 6126, -3968, 5551, 1039.3046875, -8491, 0, 185)
(69, 23, -102, -52, 2036, -207, 326, 6126, -3968, 5551, 1039.11376953125, -8490, 0, 219)
(69, 26, -107, -54, 2035, -221, 332, 6126, -3968, 5551, 1039.11376953125, -8490, 0, 192)
(69, 26, -107, -54, 2035, -221, 332, 6104, -4022, 5493, 1039.11376953125, -8490, 0, 230)
(69, 22, -105, -54, 2023, -213, 335, 6120, -3956, 5513, 1039.112060546875, -8490, 0, 207)
(69, 23, -103, -53, 2032, -216, 332, 6120, -3956, 5513, 1039.112060546875, -8490, 0, 214)
(69, 23, -103, -53, 2032, -216, 332, 6120, -3956, 5513, 1039.112060546875, -8490, 0, 214)
(69, 21, -101, -51, 2033, -213, 328, 6120, -3956, 5513, 1039.112060546875, -8490, 0, 214)
(69, 21, -101, -51, 2033, -213, 328, 6120, -3956, 5513, 1039.112060546875, -8490, 0, 214)
(69, 22, -103, -52, 2040, -228, 325, 6120, -3956, 5513, 1039.232421875, -8494, 0, 3)
(69, 22, -103, -52, 2040, -228, 325, 6120, -3956, 5513, 1039.232421875, -8494, 0, 90)
(69, 22, -102, -52, 2032, -220, 325, 6126, -3988, 5582, 1039.066162109375, -8497, 0, 231)
(69, 19, -102, -51, 2027, -219, 346, 6126, -3988, 5582, 1039.066162109375, -8497, 0, 230)
(69, 19, -102, -51, 2033, -217, 325, 6126, -3988, 5582, 1039.066162109375, -8497, 0, 225)
(69, 24, -103, -55, 2029, -222, 317, 6146, -3990, 5533, 1039.066162109375, -8497, 0, 58)
(69, 24, -103, -55, 2029, -222, 317, 6146, -3990, 5533, 1039.066162109375, -8497, 0, 58)
(69, 25, -105, -54, 2034, -218, 337, 6146, -3990, 5533, 1039.121337890625, -8491, 0, 166)
(69, 25, -105, -54, 2034, -218, 337, 6146, -3990, 5533, 1039.121337890625, -8491, 0, 166)
(69, 24, -105, -54, 2037, -220, 333, 6146, -3990, 5533, 1039.121337890625, -8491, 0, 190)
(69, 24, -105, -54, 2037, -220, 333, 6146, -3990, 5533, 1039.121337890625, -8491, 0, 190)
(69, 27, -106, -54, 2030, -222, 326, 6149, -3976, 5518, 1039.168701171875, -8489, 0, 44)
(69, 21, -100, -50, 2033, -211, 326, 6149, -3976, 5518, 1039.168701171875, -8489, 0, 60)
(69, 19, -102, -50, 2036, -222, 326, 6149, -3976, 5518, 1039.168701171875, -8489, 0, 54)
(69, 19, -102, -50, 2030, -225, 331, 6149, -3976, 5518, 1039.168701171875, -8489, 0, 28)
(69, 23, -106, -53, 2030, -225, 331, 6149, -3976, 5518, 1039.168701171875, -8489, 0, 17)
(69, 23, -106, -53, 2035, -212, 323, 6149, -3976, 5518, 1039.168701171875, -8489, 0, 55)
(69, 22, -103, -53, 2035, -212, 323, 6149, -3976, 5518, 1039.168701171875, -8489, 0, 57)
(69, 22, -103, -53, 2031, -221, 326, 6149, -3976, 5518, 1039.168701171875, -8489, 0, 47)
(69, 26, -108, -54, 2032, -209, 327, 6110, -3955, 5524, 1039.302978515625, -8486, 0, 211)
(69, 26, -108, -54, 2024, -221, 342, 6110, -3955, 5524, 1039.302978515625, -8486, 0, 214)
(69, 30, -109, -57, 2024, -221, 342, 6110, -3955, 5524, 1039.302978515625, -8486, 0, 216)
(69, 27, -106, -55, 2036, -218, 324, 6110, -3955, 5524, 1039.302978515625, -8486, 0, 221)
(69, 27, -106, -55, 2036, -218, 324, 6110, -3955, 5524, 1039.302978515625, -8486, 0, 221)
(69, 21, -103, -51, 2024, -224, 315, 6110, -3955, 5524, 1039.302978515625, -8486, 0, 189)
(254, 10090, -378668617, 1450728083, 180, 2473, 0, -110)
(69, 21, -103, -51, 2024, -224, 315, 6110, -3955, 5524, 1039.302978515625, -8486, 0, 189)
(69, 21, -103, -52, 2032, -216, 337, 6110, -3955, 5524, 1039.302978515625, -8486, 0, 198)
(69, 20, -102, -50, 2034, -222, 321, 6093, -4004, 5567, 1039.305419921875, -8488, 0, 65)
(69, 20, -102, -50, 2034, -222, 321, 6093, -4004, 5567, 1039.305419921875, -8488, 0, 65)
(69, 22, -103, -53, 2036, -224, 334, 6093, -4004, 5567, 1039.305419921875, -8488, 0, 78)
(69, 22, -103, -53, 2036, -224, 334, 6093, -4004, 5567, 1039.305419921875, -8488, 0, 78)
(69, 25, -105, -54, 2031, -226, 321, 6093, -4004, 5567, 1039.305419921875, -8488, 0, 100)
(69, 25, -105, -54, 2031, -226, 321, 6093, -4004, 5567, 1039.305419921875, -8488, 0, 100)
(69, 24, -106, -52, 2036, -217, 322, 6093, -4004, 5567, 1039.305419921875, -8488, 0, 67)
(69, 24, -106, -52, 2036, -217, 322, 6093, -4004, 5567, 1039.305419921875, -8488, 0, 67)
(69, 24, -106, -52, 2029, -212, 332, 6093, -4004, 5567, 1039.227294921875, -8488, 0, 209)
(69, 25, -106, -53, 2029, -212, 332, 6139, -3973, 5556, 1039.227294921875, -8488, 0, 205)
(69, 25, -106, -53, 2029, -228, 326, 6139, -3973, 5556, 1039.227294921875, -8488, 0, 247)
(69, 23, -103, -53, 2036, -221, 324, 6106, -3990, 5580, 1039.2529296875, -8482, 0, 205)
(69, 21, -102, -50, 2038, -221, 324, 6106, -3990, 5580, 1039.2529296875, -8482, 0, 203)
(69, 21, -102, -50, 2038, -221, 324, 6106, -3990, 5580, 1039.2529296875, -8482, 0, 203)
(69, 24, -103, -54, 2049, -215, 330, 6106, -3990, 5580, 1039.2529296875, -8482, 0, 61)
(69, 24, -103, -54, 2049, -215, 330, 6106, -3990, 5580, 1039.2529296875, -8482, 0, 61)
(69, 24, -106, -53, 2042, -217, 331, 6129, -3980, 5555, 1039.2529296875, -8482, 0, 130)
(69, 24, -106, -53, 2042, -217, 331, 6129, -3980, 5555, 1039.2529296875, -8482, 0, 130)
(69, 25, -105, -53, 2039, -225, 331, 6129, -3980, 5555, 1039.2529296875, -8482, 0, 183)
(69, 25, -105, -53, 2039, -225, 331, 6129, -3980, 5555, 1039.2529296875, -8482, 0, 183)
(69, 24, -105, -52, 2026, -211, 328, 6142, -3980, 5544, 1039.10546875, -8489, 0, 243)
(69, 24, -106, -53, 2036, -216, 329, 6142, -3980, 5544, 1039.10546875, -8489, 0, 239)
(254, 10090, -378668617, 1450728083, 180, 2284, 0, -42)
(69, 24, -106, -53, 2036, -216, 329, 6142, -3980, 5544, 1039.10546875, -8489, 0, 239)
(69, 20, -103, -51, 2031, -222, 327, 6116, -4015, 5568, 1039.10546875, -8489, 0, 162)
(69, 20, -103, -51, 2031, -222, 327, 6116, -4015, 5568, 1039.10546875, -8489, 0, 162)
(69, 22, -103, -51, 2039, -214, 327, 6121, -3988, 5557, 1039.21875, -8481, 0, 153)
(69, 22, -103, -51, 2039, -214, 327, 6121, -3988, 5557, 1039.21875, -8481, 0, 153)
(69, 17, -99, -49, 2034, -221, 327, 6121, -3988, 5557, 1039.20361328125, -8482, 0, 16)
(69, 17, -99, -49, 2034, -221, 327, 6121, -3988, 5557, 1039.20361328125, -8482, 0, 16)
(69, 17, -104, -53, 2049, -217, 328, 6121, -3988, 5557, 1039.20361328125, -8482, 0, 230)
(69, 21, -101, -50, 2035, -217, 332, 6116, -3986, 5507, 1039.198486328125, -8477, 0, 199)
(69, 21, -101, -50, 2035, -217, 332, 6116, -3986, 5507, 1039.198486328125, -8477, 0, 199)
(69, 23, -106, -52, 2042, -221, 335, 6116, -3986, 5507, 1039.198486328125, -8477, 0, 196)
(69, 23, -106, -52, 2042, -221, 335, 6116, -3986, 5507, 1039.198486328125, -8477, 0, 196)
(69, 25, -106, -54, 2026, -222, 337, 6116, -3986, 5507, 1039.198486328125, -8477, 0, 195)
(69, 25, -106, -54, 2026, -222, 337, 6116, -3986, 5507, 1039.198486328125, -8477, 0, 195)
(69, 23, -103, -52, 2028, -224, 322, 6116, -8477, 0, 3.438658490924232e-24, 254, 0, 106)
(69, 23, -103, -52, 2028, -224, 322, 6116, -3986, 5507, 1039.198486328125, -8477, 0, 211)
(69, 25, -105, -53, 2029, -221, 320, 6116, -3986, 5507, 1039.280517578125, -8478, 0, 123)
(69, 25, -105, -53, 2029, -221, 320, 6116, -3986, 5507, 1039.280517578125, -8478, 0, 123)
(69, 26, -106, -54, 2033, -216, 326, 6116, -3986, 5507, 1039.280517578125, -8478, 0, 105)
(69, 26, -106, -54, 2033, -216, 326, 6116, -3986, 5507, 1039.280517578125, -8478, 0, 105)
(69, 21, -103, -52, 2033, -217, 337, 6116, -3986, 5507, 1039.280517578125, -8478, 0, 119)
(69, 21, -104, -51, 2048, -223, 331, 6140, -3963, 5580, 1039.248779296875, -8483, 0, 21)
(69, 21, -104, -51, 2048, -223, 331, 6140, -3963, 5580, 1039.248779296875, -8483, 0, 21)
(69, 22, -104, -51, 2039, -215, 340, 6140, -3963, 5580, 1039.248779296875, -8483, 0, 249)
(69, 22, -104, -51, 2039, -215, 340, 6140, -3963, 5580, 1039.248779296875, -8483, 0, 249)
(69, 22, -104, -51, 2038, -223, 326, 6140, -3963, 5580, 1039.248779296875, -8483, 0, 226)
(69, 20, -104, -52, 2023, -214, 342, 6130, -3992, 5602, 1039.356201171875, -8478, 0, 133)
(69, 22, -106, -52, 2036, -218, 325, 6130, -3992, 5602, 1039.17724609375, -8481, 0, 124)
(69, 22, -106, -52, 2036, -218, 325, 6130, -3992, 5602, 1039.17724609375, -8481, 0, 124)
(69, 22, -101, -51, 2036, -223, 335, 6130, -3992, 5602, 1039.17724609375, -8481, 0, 125)
(69, 24, -105, -53, 2032, -215, 335, 6091, -3979, 5544, 1039.17724609375, -8481, 0, 27)
(69, 26, -106, -53, 2047, -221, 328, 6091, -3979, 5544, 1039.17724609375, -8481, 0, 26)
(69, 26, -106, -53, 2047, -221, 328, 6091, -3979, 5544, 1039.17724609375, -8481, 0, 26)
(254, 10090, -378668600, 1450728100, 210, 4572, 0, -47)
(69, 25, -105, -53, 2030, -211, 341, 6114, -4012, 5615, 1039.26318359375, -8477, 0, 164)
(69, 23, -105, -53, 2030, -211, 341, 6114, -4012, 5615, 1039.26318359375, -8477, 0, 170)
(69, 23, -105, -53, 2033, -214, 322, 6114, -4012, 5615, 1039.26318359375, -8477, 0, 165)
(69, 23, -104, -52, 2033, -214, 322, 6114, -4012, 5615, 1039.26318359375, -8477, 0, 173)
(69, 23, -104, -52, 2045, -217, 333, 6114, -4012, 5615, 1039.26318359375, -8477, 0, 163)
(69, 21, -104, -52, 2045, -217, 333, 6114, -4012, 5615, 1039.26318359375, -8477, 0, 161)
(69, 24, -106, -53, 2029, -210, 334, 6114, -4012, 5615, 1039.23828125, -8473, 0, 120)
(69, 24, -106, -53, 2029, -210, 334, 6114, -4012, 5615, 1039.23828125, -8473, 0, 120)
(254, 10090, -378668600, 1450728100, 210, 4782, 0, -96)
(69, 22, -105, -52, 2043, -218, 330, 6114, -4012, 5615, 1039.23828125, -8473, 0, 106)
(69, 22, -105, -52, 2043, -218, 330, 6114, -4012, 5615, 1039.23828125, -8473, 0, 106)
(254, 10090, -378668600, 1450728100, 210, 4892, 0, 19)
(69, 20, -100, -50, 2040, -221, 336, 6152, -3986, 5555, 1039.09228515625, -8481, 0, 151)
(69, 22, -105, -50, 2039, -216, 335, 6152, -3986, 5555, 1039.09228515625, -8481, 0, 133)
(69, 22, -105, -50, 2039, -216, 335, 6152, -3986, 5555, 1039.09228515625, -8481, 0, 133)
(69, 27, -109, -55, 2042, -221, 330, 6152, -3986, 5555, 1039.09228515625, -8481, 0, 136)
(69, 27, -109, -55, 2042, -221, 330, 6152, -3986, 5555, 1039.09228515625, -8481, 0, 136)
(69, 24, -104, -53, 2030, -212, 335, 6142, -3997, 5532, 1039.14111328125, -8478, 0, 12)
(69, 23, -103, -53, 2033, -216, 332, 6142, -3997, 5532, 1039.14111328125, -8478, 0, 26)
(69, 23, -103, -53, 2033, -216, 337, 6142, -3997, 5532, 1039.14111328125, -8478, 0, 7)
(69, 25, -106, -53, 2035, -217, 337, 6142, -3997, 5532, 1039.14111328125, -8478, 0, 11)
(69, 25, -106, -53, 2035, -217, 337, 6142, -3997, 5532, 1039.14111328125, -8480, 0, 9)
(69, 26, -106, -55, 2031, -220, 326, 6142, -3997, 5532, 1039.057861328125, -8480, 0, 91)
(69, 26, -106, -55, 2031, -220, 326, 6142, -3997, 5532, 1039.057861328125, -8480, 0, 91)
(69, 22, -106, -51, 2040, -214, 332, 6161, -3984, 5573, 1039.057861328125, -8480, 0, 234)
(69, 22, -106, -51, 2040, -214, 332, 6161, -3984, 5573, 1039.057861328125, -8480, 0, 234)
(69, 26, -107, -55, 2028, -211, 330, 6161, -3984, 5573, 1039.057861328125, -8480, 0, 244)
(69, 26, -107, -55, 2028, -211, 330, 6161, -3984, 5573, 1039.057861328125, -8480, 0, 244)
(69, 26, -107, -55, 2026, -215, 336, 6161, -3984, 5573, 1039.057861328125, -8480, 0, 236)
(69, 26, -109, -56, 2038, -218, 326, 6089, -3992, 5564, 1039.21875, -8471, 0, 141)
(69, 26, -109, -56, 2038, -218, 326, 6089, -3992, 5564, 1039.21875, -8471, 0, 141)
(69, 26, -109, -56, 2027, -220, 336, 6089, -3992, 5564, 1039.21875, -8471, 0, 132)
(69, 23, -105, -53, 2027, -220, 336, 6089, -3992, 5564, 1039.13232421875, -8478, 0, 186)
(69, 23, -105, -53, 2027, -220, 328, 6089, -3992, 5564, 1039.13232421875, -8478, 0, 162)
(69, 23, -103, -50, 2034, -223, 328, 6089, -3992, 5564, 1039.13232421875, -8478, 0, 181)
(254, 10090, -378668600, 1450728100, 180, 4522, 0, -63)
(69, 24, -103, -51, 2037, -214, 327, 6148, -3976, 5534, 1039.301025390625, -8471, 0, 210)
(69, 24, -107, -53, 2034, -224, 331, 6148, -3976, 5534, 1039.301025390625, -8471, 0, 217)
(69, 24, -107, -53, 2034, -224, 331, 6148, -3976, 5534, 1039.301025390625, -8471, 0, 217)
(69, 22, -101, -52, 2021, -214, 336, 6148, -3976, 5534, 1039.301025390625, -8471, 0, 216)
(69, 22, -101, -52, 2021, -214, 336, 6148, -3976, 5534, 1039.301025390625, -8471, 0, 216)
(69, 22, -101, -52, 2027, -210, 333, 6148, -3976, 5534, 1039.301025390625, -8471, 0, 21)
(69, 22, -104, -52, 2032, -222, 334, 6174, -3993, 5577, 1039.44189453125, -8464, 0, 18)
(69, 26, -107, -56, 2034, -222, 324, 6171, -4025, 5614, 1039.44189453125, -8464, 0, 29)
(69, 26, -107, -56, 2034, -222, 324, 6171, -4025, 5614, 1039.44189453125, -8464, 0, 29)
(69, 27, -108, -55, 2021, -212, 340, 6171, -4025, 5614, 1039.44189453125, -8464, 0, 21)
(69, 27, -108, -55, 2021, -212, 340, 6171, -4025, 5614, 1039.44189453125, -8464, 0, 21)
(69, 28, -107, -56, 2039, -220, 325, 6171, -4025, 5614, 1039.44189453125, -8464, 0, 25)
(69, 23, -106, -52, 2021, -217, 340, 6153, -3999, 5634, 1039.248291015625, -8474, 0, 7)
(69, 25, -105, -53, 2037, -230, 329, 6153, -3999, 5634, 1039.248291015625, -8474, 0, 63)
(69, 29, -110, -56, 2031, -216, 335, 6153, -3999, 5634, 1039.376953125, -8466, 0, 242)
(69, 26, -107, -54, 2031, -216, 335, 6153, -3999, 5634, 1039.376953125, -8466, 0, 240)
(69, 26, -107, -54, 2031, -216, 335, 6153, -3999, 5634, 1039.376953125, -8466, 0, 240)
(69, 21, -102, -53, 2037, -223, 318, 6153, -3999, 5594, 1039.151123046875, -8472, 0, 99)
(69, 21, -103, -50, 2035, -215, 327, 6140, -3997, 5594, 1039.151123046875, -8472, 0, 9)
(69, 21, -103, -50, 2035, -221, 315, 6140, -3997, 5594, 1039.151123046875, -8472, 0, 127)
(69, 29, -110, -54, 2029, -221, 315, 6140, -3997, 5594, 1039.151123046875, -8472, 0, 102)
(69, 29, -110, -54, 2029, -221, 315, 6140, -3997, 5594, 1039.151123046875, -8472, 0, 102)
(69, 28, -108, -55, 2029, -214, 328, 6140, -3997, 5594, 1039.151123046875, -8472, 0, 24)
(69, 28, -108, -55, 2029, -214, 328, 6140, -3997, 5594, 1039.151123046875, -8472, 0, 24)
(69, 25, -104, -54, 2020, -220, 344, 6140, -3997, 5594, 1039.151123046875, -8472, 0, 5)
(69, 24, -105, -52, 2038, -216, 313, 6172, -3995, 5581, 1039.177734375, -8468, 0, 239)
(69, 24, -105, -52, 2033, -220, 319, 6172, -3995, 5581, 1039.177734375, -8468, 0, 226)
(69, 22, -105, -52, 2033, -220, 319, 6172, -3995, 5581, 1039.177734375, -8468, 0, 236)
(69, 22, -105, -52, 2033, -220, 319, 6172, -3995, 5581, 1039.177734375, -8468, 0, 236)
(69, 25, -106, -55, 2031, -224, 325, 6172, -3995, 5581, 1039.177734375, -8468, 0, 135)
(69, 25, -106, -55, 2031, -224, 325, 6172, -3995, 5581, 1039.177734375, -8468, 0, 135)
(69, 24, -104, -53, 2022, -213, 340, 6172, -3995, 5581, 1039.177734375, -8468, 0, 153)
(69, 24, -104, -53, 2022, -213, 340, 6172, -3995, 5581, 1039.177734375, -8468, 0, 153)
(69, 28, -108, -54, 2033, -213, 333, 6172, -3995, 5581, 1039.177734375, -8468, 0, 158)
(69, 28, -108, -54, 2033, -213, 333, 6172, -3995, 5581, 1039.177734375, -8468, 0, 158)
(254, 10090, -378668600, 1450728100, 180, 5295, 0, -63)
(69, 26, -105, -54, 2031, -213, 327, 6172, -3995, 5581, 1039.177734375, -8468, 0, 143)
(69, 25, -107, -53, 2029, -223, 331, 6134, -3951, 5592, 1039.126708984375, -8472, 0, 52)
(69, 23, -105, -53, 2038, -221, 331, 6146, -3976, 5604, 1039.126708984375, -8472, 0, 15)
(69, 23, -105, -53, 2038, -221, 331, 6146, -3976, 5604, 1039.126708984375, -8472, 0, 15)
(69, 26, -106, -54, 2045, -220, 332, 6146, -3976, 5604, 1039.126708984375, -8472, 0, 9)
(69, 26, -105, -54, 2035, -216, 332, 6146, -3976, 5604, 1039.126708984375, -8472, 0, 10)
(69, 26, -106, -54, 2035, -217, 338, 6146, -3976, 5604, 1039.126708984375, -8472, 0, 26)
(69, 26, -106, -54, 2035, -217, 338, 6146, -3976, 5604, 1039.126708984375, -8472, 0, 26)
(69, 20, -102, -50, 2032, -221, 327, 6146, -3976, 5604, 1039.126708984375, -8472, 0, 21)
(69, 21, -102, -51, 2034, -213, 316, 6174, -3975, 5578, 1039.144775390625, -8468, 0, 230)
(69, 21, -102, -51, 2034, -213, 316, 6174, -3975, 5578, 1039.144775390625, -8468, 0, 230)
(254, 10090, -378668600, 1450728117, 180, 5737, 0, 20)
(69, 21, -102, -51, 2030, -210, 331, 6174, -3975, 5578, 1039.144775390625, -8468, 0, 136)
(69, 21, -102, -50, 2030, -210, 331, 6174, -3975, 5578, 1039.144775390625, -8468, 0, 139)
(69, 21, -102, -50, 2030, -220, 334, 6174, -3975, 5578, 1039.144775390625, -8468, 0, 132)
(69, 25, -103, -53, 2035, -220, 334, 6174, -3975, 5578, 1039.144775390625, -8468, 0, 147)
(69, 21, -103, -51, 2034, -218, 330, 6166, -3975, 5546, 1039.144775390625, -8468, 0, 246)
(69, 21, -103, -51, 2034, -218, 330, 6166, -3975, 5546, 1039.114501953125, -8473, 0, 242)
(69, 22, -104, -51, 2030, -212, 334, 6166, -3975, 5546, 1039.114501953125, -8473, 0, 226)
(69, 22, -104, -51, 2030, -212, 334, 6166, -3975, 5546, 1039.114501953125, -8473, 0, 226)
(254, 10090, -378668600, 1450728117, 180, 5731, 0, 30)
(69, 27, -106, -54, 2041, -213, 328, 6155, -3996, 5565, 1039.354736328125, -8466, 0, 22)
(69, 27, -106, -54, 2041, -213, 328, 6155, -3996, 5565, 1039.354736328125, -8466, 0, 22)
(69, 26, -106, -53, 2036, -220, 331, 6155, -3996, 5565, 1039.354736328125, -8466, 0, 23)
(69, 26, -106, -53, 2036, -220, 331, 6155, -3996, 5565, 1039.354736328125, -8466, 0, 23)
(69, 25, -106, -54, 2030, -229, 314, 6155, -3996, 5565, 1039.354736328125, -8466, 0, 65)
(69, 25, -106, -54, 2030, -229, 314, 6153, -3985, 5561, 1039.354736328125, -8466, 0, 76)
(69, 24, -103, -52, 2038, -213, 334, 6153, -3985, 5561, 1039.354736328125, -8466, 0, 24)
(69, 20, -103, -49, 2037, -219, 328, 6153, -3985, 5561, 1039.354736328125, -8466, 0, 28)
(69, 20, -103, -49, 2037, -219, 328, 6153, -3985, 5561, 1039.354736328125, -8466, 0, 28)
(69, 21, -105, -51, 2040, -223, 336, 6153, -3985, 5561, 1039.354736328125, -8466, 0, 0)
(69, 25, -105, -54, 2032, -217, 325, 6093, -3994, 5600, 1039.2958984375, -8465, 0, 170)
(69, 25, -106, -53, 2034, -213, 350, 6119, -3968, 5546, 1039.2958984375, -8465, 0, 57)
(69, 20, -103, -49, 2034, -213, 350, 6119, -3968, 5546, 1039.2958984375, -8465, 0, 63)
(69, 20, -103, -49, 2034, -213, 350, 6119, -3968, 5546, 1039.17578125, -8467, 0, 233)
(69, 24, -105, -53, 2032, -218, 318, 6119, -3968, 5546, 1039.17578125, -8467, 0, 128)
(69, 24, -105, -53, 2032, -218, 318, 6119, -3968, 5546, 1039.17578125, -8467, 0, 128)
(69, 21, -101, -51, 2027, -218, 338, 6119, -3968, 5546, 1039.17578125, -8467, 0, 6)
(69, 28, -110, -56, 2035, -215, 333, 6108, -3954, 5545, 1039.2783203125, -8461, 0, 144)
(69, 26, -106, -55, 2035, -212, 323, 6108, -3954, 5545, 1039.2783203125, -8461, 0, 152)
(69, 26, -106, -55, 2035, -212, 323, 6108, -3954, 5545, 1039.2783203125, -8461, 0, 152)
(69, 22, -102, -51, 2036, -221, 312, 6108, -3954, 5545, 1039.2783203125, -8461, 0, 239)
(69, 22, -102, -51, 2036, -221, 312, 6108, -3954, 5545, 1039.2783203125, -8461, 0, 239)
(69, 22, -102, -51, 2026, -214, 337, 6108, -3954, 5545, 1039.2783203125, -8461, 0, 145)
(69, 20, -102, -49, 2026, -214, 337, 6108, -3954, 5545, 1039.2783203125, -8461, 0, 145)
(69, 22, -103, -53, 2043, -220, 335, 6161, -3976, 5526, 1039.103759765625, -8461, 0, 47)
(69, 22, -104, -52, 2044, -219, 327, 6161, -3976, 5526, 1039.103759765625, -8461, 0, 39)
(69, 22, -104, -52, 2044, -219, 327, 6161, -3976, 5526, 1039.103759765625, -8461, 0, 39)
(69, 22, -104, -52, 2029, -217, 336, 6161, -3976, 5526, 1039.103759765625, -8461, 0, 35)
(69, 22, -103, -51, 2029, -217, 336, 6161, -3976, 5526, 1039.103759765625, -8461, 0, 35)
(69, 24, -103, -52, 2033, -223, 323, 6101, -3950, 5524, 1039.099609375, -8463, 0, 102)
(69, 24, -103, -52, 2033, -223, 323, 6101, -3950, 5524, 1039.1904296875, -8466, 0, 1)
(69, 20, -104, -52, 2032, -226, 312, 6101, -3950, 5524, 1039.1904296875, -8466, 0, 28)
(69, 25, -108, -53, 2042, -218, 326, 6101, -3950, 5524, 1039.1904296875, -8466, 0, 86)
(69, 25, -108, -53, 2042, -218, 326, 6101, -3950, 5524, 1039.1904296875, -8466, 0, 86)
(69, 25, -106, -54, 2033, -220, 315, 6101, -3950, 5524, 1039.1904296875, -8466, 0, 33)
(69, 25, -106, -54, 2033, -220, 315, 6101, -3950, 5524, 1039.1904296875, -8466, 0, 33)
(69, 23, -103, -54, 2042, -220, 336, 6101, -3950, 5524, 1039.1904296875, -8466, 0, 64)
(69, 23, -103, -54, 2042, -220, 336, 6101, -3950, 5524, 1039.1904296875, -8466, 0, 64)
(69, 24, -107, -54, 2043, -220, 330, 6101, -3950, 5524, 1039.1904296875, -8466, 0, 88)
(69, 24, -107, -54, 2043, -220, 330, 6163, -4000, 5499, 1039.1904296875, -8466, 0, 140)
(69, 22, -103, -52, 2034, -214, 319, 6163, -4000, 5499, 1039.1904296875, -8466, 0, 250)
(69, 22, -103, -52, 2034, -214, 319, 6163, -4000, 5499, 1039.1904296875, -8466, 0, 250)
(69, 22, -103, -52, 2022, -217, 348, 6163, -4000, 5499, 1039.1904296875, -8466, 0, 128)
(69, 20, -101, -52, 2036, -215, 323, 6157, -3998, 5515, 1039.038330078125, -8470, 0, 78)
(69, 20, -101, -52, 2036, -217, 334, 6168, -3958, 5519, 1039.038330078125, -8470, 0, 180)
(254, 10090, -378668600, 1450728117, 190, 5874, 0, -123)
(69, 29, -111, -57, 2034, -208, 326, 6168, -3958, 5519, 1039.038330078125, -8470, 0, 165)
(69, 22, -102, -52, 2033, -217, 331, 6127, -3975, 5553, 1039.173583984375, -8461, 0, 43)
(69, 22, -102, -52, 2033, -217, 331, 6127, -3975, 5553, 1039.173583984375, -8461, 0, 43)
(69, 22, -103, -51, 2033, -218, 329, 6127, -3975, 5553, 1039.173583984375, -8461, 0, 42)
(69, 25, -106, -54, 2026, -220, 337, 6127, -3975, 5553, 1039.10498046875, -8460, 0, 255)
(69, 25, -106, -54, 2038, -210, 340, 6127, -3975, 5553, 1039.10498046875, -8460, 0, 236)
